10000
9379
53594
70663
85873
92126
265032
345908
881862
987074
1088793
1279092
1326977
1374530
1420862
1457435
1534592
1590554
1616316
1627698
1752257
1823527
1838693
1925336
1929311
1992792
2014299
2320473
2526559
2578067
2642999
2711118
2812964
3127580
3187484
3224523
3235770
3391798
3530735
3625603
3648956
3682706
3689698
3752903
3836016
3899405
3905658
4199361
4303996
4485709
4799600
4820413
4874668
4922381
4999268
5147445
5243422
5402135
5410709
5558409
5582484
5616344
5650697
5677607
5817231
5923854
6072604
6106069
6201638
6215478
6266853
6377514
6557005
6963085
7073681
7081106
7097036
7156825
7428396
7443655
7520493
7642595
7848074
7888812
7904177
8083442
8251249
8401181
8432105
8478190
8497194
8619201
8630813
8732979
9059917
9269610
9575081
9612891
9744356
10028604
10142080
10196151
10330163
10356645
10501034
10689188
10756699
11003206
11172203
11176653
11247926
11273186
11300704
11411250
11440308
11512603
11515815
11571037
12041567
12046351
12154440
12160670
12176051
12238965
12336057
12481844
12488223
12783373
12940034
13096162
13174197
13338182
13536103
14043102
14070667
14092392
14154029
14221880
14294870
14681672
14750623
14802643
14903673
14905748
14950816
14981087
15073616
15116942
15140919
15265948
15410558
15486999
15526297
15934205
15987797
16224140
16262179
16424953
16467028
16674267
16739761
16760117
16876094
17206740
17283658
17370803
17379186
17448393
17564015
17576856
17839348
17931286
18034735
18080027
18320900
18330477
18396732
18540893
18623875
18678871
18825798
18857553
18871517
18873512
18876827
18942670
19017263
19411921
19430909
19437943
19481955
19822007
19848061
20029737
20050762
20105189
20153086
20220381
20441157
20588268
20601600
20722754
20793079
20976498
21096730
21226045
21300153
21304938
21353909
21373731
21391203
21399496
21576774
21687172
22026436
22089844
22123900
22183575
22394778
22437048
22480998
22519523
22526351
22560501
22655635
22695848
22721493
22857799
22975800
23296014
23493801
23494002
23499062
23535338
23572330
23946102
23978644
23984380
24234662
24451985
24487332
24650912
24663202
24774052
24774302
24947554
24954625
24994372
25043363
25270781
25462111
25506805
25622049
25830031
26115449
26170709
26186656
26314420
26444406
26446329
26591631
26760004
26858747
26934834
27010033
27088286
27128191
27280108
27533523
27645820
27689173
27762005
28068716
28076867
28131857
28139279
28264190
28510342
28735695
28741194
28895497
28961053
28968065
29010950
29019331
29038196
29147210
29435533
29762563
29809957
30004336
30051376
30152257
30209367
30215432
30232104
30249139
30316969
30335792
30406801
30411542
30490570
30626637
30637619
30789559
31041992
31200111
31222940
31467710
31572348
31722037
31989141
32139020
32182775
32229479
32489206
32573240
32926855
33057136
33286071
33415286
33550452
33556883
33729914
33896331
33899321
34204354
34268291
34294392
34421537
34916866
34964366
35114157
35189039
35322421
35337123
35420161
35426768
35570575
35617188
35691289
35904251
35910927
35948671
35981556
35994247
35997197
36049977
36052771
36163584
36223427
36236305
36281680
36322812
36343773
36503533
36546673
36589926
36702943
36896626
37152800
37180744
37260682
37266068
37399510
37463289
37566417
37627828
37837144
37838110
37939739
37949378
38050912
38213377
38316290
38442910
38571514
38726798
38771599
38933713
38937683
39193143
39239165
39317604
39523002
39592516
39620999
39814454
39815040
39959531
40038808
40047196
40312513
40431688
40555579
40684668
40724874
40800001
40898532
40993111
41029530
41049605
41073733
41085989
41151887
41170311
41271523
41422499
41425665
41485757
41485867
41659199
41681337
41719586
41721138
41754404
41771246
41834378
41952009
41970428
42055290
42245297
42282470
42366768
42541736
42649698
42765887
42894266
43011112
43076132
43096442
43102732
43253104
43325633
43557706
43618605
43790346
43859316
43891006
44390141
44484417
44597865
44633726
44636224
44762371
44847399
45028269
45032965
45351886
45404993
45405181
45652852
45733162
45742156
45746316
46075584
46193778
46201471
46377464
46421178
46747856
47029308
47055659
47089995
47125299
47185146
47226579
47466432
47483414
47607599
47685004
47798803
47846275
47883745
48013606
48031593
48520254
48747022
48861152
48913189
48981913
49012102
49184887
49203828
49258351
49271898
49280009
49300822
49347349
49549456
49572807
49635237
49755076
49797396
49834285
49853623
50078071
50146176
50159200
50183626
50239981
50287391
50330044
50384001
50539306
50637918
50794391
50930159
51016271
51140777
51434569
51483925
51684478
51953325
51961722
51965488
52323631
52347792
52464609
52614962
52635780
52893995
52913821
53071306
53073874
53134679
53329231
53339570
53375785
53757273
53960102
53963389
53972329
53986290
54129192
54131728
54322569
54429223
54433315
54439420
54476328
54492183
54599787
54646568
54773410
54817734
54886217
55181139
55255404
55316476
55344090
55352552
55426801
55539671
55580665
55658731
55862112
56058098
56177818
56194016
56485454
56648500
56652702
56683486
56690205
56802676
56852449
56898532
57020905
57090013
57153831
57233507
57261503
57562260
57678536
57896697
57945044
58319665
58385525
58489940
58575923
58606181
58646162
58929480
58940639
59020883
59043653
59103825
59201631
59214046
59257887
59282870
59285261
59315272
59620014
59695639
59705994
59716167
59890407
59906375
59921236
59945707
59991922
59998013
60324332
60346889
60753286
60771889
60915998
60935074
60969031
61071775
61168373
61188881
61289549
61305947
61316731
61335570
61466912
61569903
61588946
61701790
61828069
61910834
62004721
62136660
62333648
62702274
63041312
63213187
63237477
63296535
63328191
63379988
63422126
63430395
63453931
64024140
64128642
64369840
64429272
64510700
64514162
64583736
64619853
64725052
64735635
64754393
64824566
64951156
65084289
65121068
65334854
65415005
65677929
65789156
66265660
66540457
66638870
66704758
66727152
66836162
66860140
66935837
66978566
67184708
67229027
67247041
67408903
67432286
67451310
67534214
67604144
67661335
67888963
67984471
67990405
68095512
68412798
68419090
68456244
68505988
68967400
69051754
69407398
69441474
69483810
69525110
69571200
69621475
69704595
69762772
69773639
69838551
70048989
70138595
70155895
70168047
70193930
70410077
70594268
70709208
70845342
70850601
70952056
70971027
71471825
71714059
71746558
71777465
71810192
71832404
71860358
72101048
72211024
72435831
72475102
72549132
72573384
72605614
72920093
72972811
73063470
73108752
73114859
73209695
73328347
73329509
73388929
73406042
73444545
73673951
73745172
73931493
74054231
74360162
74427102
74460403
74546560
74614865
74632419
74632960
74644368
75144982
75409249
75423501
75591108
75611221
75657042
75887178
76144249
76241851
76315738
76323146
76380656
76529853
76552067
76726683
76732372
76775274
76794673
76803864
76851446
76960508
77163714
77349999
77499893
77552817
77580930
77794779
77832919
78085264
78642548
78730206
78789071
78855381
78856906
78873882
79341661
79446746
79526654
79596059
79758010
79828478
79834029
79863504
79996594
80332413
80564142
80796690
80817262
80841322
81024601
81089548
81133607
81176367
81262721
81266580
81420746
81465053
81489982
82026597
82171612
82303862
82328179
82485253
82515896
82639123
82650714
83167985
83220747
83238027
83433252
83567891
83577670
83616680
83688667
83823514
83950565
83974195
84004186
84284525
84387887
84460478
84475147
84499500
84592273
84612471
84665275
84690223
84711004
84746421
84849186
84867215
84908385
85419819
85723248
85763377
86332742
86479744
86558136
86564807
86718917
86857603
86975179
87201523
87265626
87360846
87382621
87573028
87701983
87882339
87971713
87974232
88001971
88098026
88157567
88162485
88239724
88333874
88391227
88473530
88540378
88583497
88648034
88660985
88767351
88847039
88981769
89357772
89367417
89383984
89463365
89502446
89559551
89655208
89710590
90117175
90163443
90164557
90177602
90286650
90362072
90466024
90647633
90775435
90975838
91220207
91258248
91803942
91812556
91984903
92046153
92077714
92080131
92111703
92198880
92282091
92322575
92348144
92349451
92432595
92520153
92631662
92634574
92755913
92771158
92890888
92933770
92988695
93090415
93290050
93305387
93328087
93330347
93429334
93514069
93644030
93765337
93790830
93800409
93819839
93872307
93887938
93970757
94083266
94308544
94397888
94398138
94473965
94506526
94575721
94659526
94682907
94742528
94801003
94898479
95029412
95124290
95306895
95362494
95418321
95431318
95487272
95513994
95803885
96115725
96178852
96393636
96515440
96604491
96700595
96839921
96880682
96933514
96981184
97013329
97021416
97153267
97194381
97214244
97309934
97316117
97341092
97410906
97494632
97600704
97804302
97935611
97975771
97980652
97980792
98055151
98114300
98140665
98227802
98296319
98374621
98413714
98671926
98807752
98884698
99278657
99313273
99326739
99381678
99427608
99510673
99530794
99544888
99684114
99813617
99838511
99852770
99877056
99941565
100028098
100408679
100606193
100730752
100851605
100852079
100875726
100884796
100890422
101011580
101090529
101096123
101233135
101340205
101409617
101601687
101900560
101925635
102137348
102171542
102192139
102200256
102211437
102237240
102369590
102377706
102449102
102557115
102676407
102687400
102783814
103026688
103561933
103616082
103920831
104011049
104071455
104087062
104093837
104107119
104159605
104190952
104202235
104277814
104419107
104427170
104555149
104603696
104833879
104943816
105263107
105449482
105535625
105737212
105817216
105977014
106029552
106069045
106158603
106235506
106252219
106296879
106448307
106561697
106746101
106845466
106950831
107029336
107112411
107144397
107277691
107445351
107543808
107611530
107742308
107775513
107949794
108325765
108594980
108866433
108922680
108934522
109018346
109249939
109270689
109380299
109820480
109833689
109922149
109961645
110082603
110130230
110316643
110332186
110819773
110894577
110941433
110986094
111033112
111154905
111249262
111342098
111350491
111360026
111363601
111477795
111511007
111536238
111561182
111590060
111743208
111769721
111826460
111904866
112002988
112006304
112009225
112079308
112119673
112178284
112384031
112494135
112505166
112566468
112577544
112578530
112618922
112704103
112874922
113293051
113573970
113785565
113815941
113817810
113954927
114020404
114060247
114208030
114343368
114379388
114418961
114434207
114503952
114582638
114665427
114739495
114758175
114787962
114867024
114905620
115092444
115271135
115522854
115540946
115558451
115604311
115649851
115689113
115702488
115865528
116084699
116087179
116212352
116295522
116299460
116573420
116584830
116634689
116827058
116892768
117001545
117023780
117063850
117075511
117199878
117214581
117268523
117302943
117429871
117539823
117611795
117664474
117919564
117923154
118052021
118133909
118145968
118198212
118210784
118326232
118329857
118359151
118544242
118623610
118656850
118668784
118700328
119213125
119329968
119418053
119471117
119562339
119666323
119783678
119928663
119985556
120047600
120247830
120420886
120434594
120687030
120705470
120712740
120718785
120722983
120745912
120946864
121342277
121584262
121849927
121958064
122012384
122071765
122188302
122289972
122539921
122620215
122828751
123151397
123181645
123448969
123552402
123579744
123593178
123688328
123816683
123895726
123904036
124124752
124215297
124226884
124277385
124314972
124345529
124488146
124836809
124896653
124958591
125097581
125140094
125282378
125298864
125338371
125465322
125647379
125739424
125910646
125921566
126028850
126031740
126200328
126403091
126491538
126532904
126619606
126654184
126830400
126857008
126941825
126943594
126945941
127174321
127394356
127469032
127533783
127592691
127846346
128181543
128185232
128328263
128396490
128544619
128756505
128847162
128849668
129079354
129113405
129198609
129420295
129523584
129529756
129616531
129692632
129704048
129851850
129989812
130065328
130077114
130271335
130348679
130463978
130534536
130555400
130618708
130668624
130753858
130847548
130913028
131008571
131017181
131101220
131260362
131537354
131565007
131634124
131635186
131750778
131860927
131863397
131944653
131945006
132056854
132238775
132258484
132345630
132354121
132514879
132527202
132648703
132703850
132710263
132838860
132894241
132910444
132947245
132993503
133033342
133067359
133170703
133534844
133565954
133676320
133750999
133766931
133882600
133901615
134021903
134059649
134184167
134257126
134482513
134499895
134534701
134540472
134564513
134586894
134653817
134757705
134763734
135105152
135175109
135217201
135318718
135444409
135465113
135589442
135597597
135681072
135824213
135877824
135920463
135981206
136008584
136159605
136312408
136352879
136509697
136518251
136559634
136641306
136747389
137062042
137225935
137241402
137275591
137308139
137355026
137492198
137512709
137743076
137747041
137906733
137998745
138027295
138169101
138217085
138378592
138457788
138526809
139092627
139095552
139130334
139137417
139150441
139255570
139312285
139320353
139370135
139386190
139539132
139556309
139586258
139598324
139670022
139802355
139862440
139963995
140077676
140151515
140208050
140293186
140348457
140652587
140664902
140669839
140787624
140815175
140965546
141035505
141072734
141101445
141288310
141314316
141374812
141544858
141629428
141698844
141802069
141904098
141926272
142008915
142075069
142161491
142229711
142231324
142257405
142303095
142512396
142591339
142603172
142738727
142766256
143010029
143171320
143175010
143191790
143491538
143494437
143522911
143531619
143584766
143638146
143639118
143728343
143730221
143742608
143759828
143944257
144051099
144058514
144211895
144297005
144336320
144348003
144465416
144529919
144545706
144549148
144697364
144738008
144758259
144924865
144946784
145002024
145037721
145337647
145455059
145559467
145594308
145887587
146037748
146090946
146216973
146478801
146528126
146537500
146551156
146642878
147104722
147119801
147405621
147460097
147659642
148143702
148284595
148330512
148588307
148872438
148913343
148951322
149251991
149484346
149599415
149618317
149982184
150235776
150305489
150445585
150649335
150709104
150827409
150905901
151152576
151184210
151306768
151335346
151473129
151626802
151804866
152031724
152159504
152404563
152454055
152592635
152673808
152710803
152859155
153333953
153711176
153957242
154051396
154091933
154143792
154168934
154244479
154252650
154295319
154466681
154489256
154494523
154598543
154639715
154859343
154924747
154928107
154985546
154987181
154997076
155003609
155049691
155095677
155150055
155263797
155377665
155380423
155404017
155404556
155490160
155507607
155653216
155735630
155799921
155807491
155847893
155921317
156022318
156039228
156090932
156237263
156399742
156407445
156447100
156480792
156558737
156572355
156656125
156720708
156841556
156857481
156877358
156891359
156955047
157096564
157379586
157495615
157514643
157944449
157947181
158031383
158150012
158226838
158387901
158493961
158635528
158827522
159016232
159237994
159289256
159533844
159548743
159667381
159679329
159805163
159886399
159922015
159932843
159955997
160091389
160144296
160217651
160290917
160336742
160432742
160473043
160820670
160852337
160955784
161097548
161117558
161208371
161238285
161263301
161333871
161414995
161602882
161726135
161742771
161801658
161962878
162447603
162453456
162725497
162822859
162894060
162895313
162906242
163016050
163023044
163090836
163114426
163164832
163164897
163262002
163552540
163673858
163701685
163766975
163964162
164235220
164311396
164346144
164708342
164879893
164881699
165026365
165175197
165524534
165559454
165605337
165686562
165695737
165756346
165920261
166041339
166206757
166259056
166386479
166490745
166495757
166525054
166528216
166713885
166878020
166893174
167046873
167115409
167116725
167406906
167418528
167534433
167821934
167823400
167834974
167925975
168172180
168271951
168441177
168637931
168857099
168946249
169105078
169113267
169226599
169333753
169371493
169371856
169498108
169660708
170248375
170323643
170387559
170617800
170660564
170840010
171019141
171073010
171199878
171362522
171731316
171810591
171824304
172013959
172052653
172095854
172156963
172415389
172492734
172566530
172597080
172674043
172766365
172819914
172916599
172938496
173054607
173158217
173251548
173300045
173472150
173482962
173564735
173728213
173811333
173926392
174018986
174094203
174159419
174184067
174213804
174268174
174391320
174441135
174957618
175044029
175509266
175641044
175708011
175870095
175872036
175921960
176129755
176272986
176680709
176702299
176791327
176830339
177091804
177257509
177354615
177479527
177503958
177508678
177632312
177756697
177912526
177975429
178011170
178057413
178250539
178393772
178427261
178472258
178591411
178928512
178951608
178956858
179106705
179119708
179183903
179184482
179300486
179322388
179338097
179550594
179563512
179810235
179882444
180022368
180022873
180034641
180091073
180132840
180221565
180235166
180369249
180477991
180486097
180499291
180548780
180700281
180706915
180792361
180896318
180897068
180998329
181141434
181148267
181252014
181269842
181415846
181507317
181609452
181664971
181724576
181742164
181849553
181872383
181954497
182009706
182265161
182290725
182387303
182431433
182525982
182547931
182580375
182878417
182889385
183205051
183285116
183329443
183334790
183411212
183482881
183883096
183888387
184009313
184048140
184056730
184490261
184502749
184517297
184669272
184723997
184753889
184776632
185000712
185208631
185211675
185406649
185479981
185483766
185528582
185574325
185621136
185716493
185984416
185994667
186095870
186134237
186592350
186669781
186870400
186937740
186969489
187097775
187136508
187368093
187621892
187625337
187794511
187869568
188279751
188430764
188493339
188635791
188800162
188822671
188850690
188917188
189269974
189281981
189314995
189429384
189472357
189529541
189652590
189716802
189817881
189845107
190107067
190129562
190289019
190297118
190326125
190430779
190573744
191159142
191254586
191270492
191292623
191568398
191640728
191701827
191845535
191889601
191957486
192224001
192401303
192745221
192755712
192825857
192874395
192901556
192949204
192998528
193020654
193066052
193218267
193309990
193515298
193550900
193554692
193559860
193588825
193653626
193818470
194135154
194149225
194217405
194450761
194491416
194506185
194538581
194677166
194725632
195113646
195120258
195122106
195299991
195397225
195403447
195613451
195928586
196025791
196148938
196150724
196212509
196252151
196336971
196501178
196931871
197176216
197177517
197269677
197291376
197639670
197650108
197734155
197760314
197784175
198032332
198132713
198175484
198222217
198256590
198379878
198512460
198859494
198936072
198955391
199169655
199367404
199451179
199514861
199573340
199592241
199908821
199954064
200000272
200032822
200065324
200193790
200467362
200545487
200579869
200680334
200746297
200917381
201014409
201082179
201282980
201288542
201355806
201474296
201542718
201636307
201651666
201783973
201859762
201862807
201897957
202150476
202174010
202265581
202375032
202406659
202416211
202465129
202684265
202809313
202995733
203136849
203188254
203304419
203705445
203762778
203917531
204234865
204346526
204546338
204632195
204690152
204762638
204857375
204954715
204996396
205037357
205083271
205230532
205420929
205491805
205524953
205598180
205610909
205654121
205739512
205811571
205819769
205989413
206099445
206101437
206128458
206137510
206161566
206184349
206345321
206390452
206418036
206632276
206828945
206973082
206973485
207134112
207142025
207160342
207192306
207298978
207502879
207720088
207823942
207873969
207969728
208014473
208230955
208477849
208479271
208511533
208578903
208677088
208771869
208880815
208920481
209037815
209072363
209160195
209196677
209310456
209362147
209434502
209552415
209706554
209861665
209914063
210118067
210143653
210193178
210198224
210210336
210229249
210237367
210318955
210428469
210430710
210450166
210459471
210619168
210766907
210891749
210899870
210917054
211026032
211407137
211548511
211573886
211626814
211721287
211780313
211780668
211896989
211967261
212005768
212122109
212149369
212158965
212186881
212262120
212338743
212413072
212430779
212452282
212491470
212499047
212543322
212553721
212719930
213011879
213201848
213285469
213490954
213582223
213702086
213804935
214091198
214112282
214560385
214612473
214710018
214742368
215164590
215199759
215242441
215364818
215431310
215661068
215669430
215730133
215791057
215795479
215832844
215856830
215998419
216004129
216313840
216328966
216381564
216510208
216520352
216530701
216994176
217013613
217159969
217171063
217232897
217268850
217339500
217366273
217418195
217464755
217506377
217568973
217902324
217913046
217983618
217994277
218015630
218121941
218286149
218409622
218449777
218530847
218620533
218664175
218715437
218732276
218822709
218886572
218924218
219393980
219420169
219511703
219555748
219594262
219611677
219618786
219632948
219914376
219930520
219943318
220074811
220101637
220102557
220255394
220402174
220471257
220558689
220739659
220951916
221331312
221374326
221396309
221811664
221906303
221912055
221979187
221993391
222069065
222169190
222260223
222317037
222345470
222407318
222556909
222733078
222735276
223095297
223361976
223366871
223457193
223605389
223645633
223648844
223866978
223884692
224059115
224063524
224103806
224130424
224205962
224243797
224260685
224312169
224346550
224401679
224438711
224518548
224667912
224739010
224876990
224934179
224939767
224948092
225069582
225088025
225102319
225218301
225243483
225267122
225471377
225504666
225505798
225549740
225691225
225700136
225928054
226095694
226105277
226193709
226537889
226552047
226583779
226598446
226680298
226771678
226867168
226921840
226940660
226952813
227110506
227122444
227408731
227436532
227441607
227462366
227526052
227786356
227947224
227979274
228105705
228106397
228236077
228394864
228626223
228679158
228809586
228963518
229015507
229061463
229282646
229329544
229360738
229449558
229583299
229732150
229897881
230025720
230067171
230161962
230162795
230341389
230449767
230491806
230675175
230838522
230842194
231024692
231084938
231291805
231321615
231479824
231627201
231733892
231775886
231775893
231839918
231841911
231891349
232318904
232508714
232679001
232782152
232962248
233060853
233090157
233095176
233169764
233360112
233363753
233526357
233822892
233931414
234083192
234113864
234194496
234268066
234419955
234517118
234615452
234658258
234702320
234956329
234978791
235144100
235191972
235320282
235323737
235351068
235368279
235534100
235740455
235801927
235836068
235897303
235906104
235920557
236109583
236142275
236215037
236220982
236363166
236373606
236385941
236449915
236508642
236625711
236890362
236912153
237074822
237232724
237242031
237330273
237549353
237691990
237730870
238087315
238107068
238415836
238429784
238452707
238470774
238490282
238516767
238548885
238599012
238649535
238936308
238969801
239023159
239055422
239134153
239426407
239471079
239566937
239742186
239844607
240002617
240029677
240045664
240083183
240086195
240214259
240443232
240465470
240527277
240609769
240697274
240776924
240958138
241024523
241298062
241313852
241414439
241504883
241586109
242147960
242154760
242198441
242224729
242350249
242426362
242485443
242564851
242592306
242639756
242681152
242957303
242976302
243006007
243100673
243221179
243318057
243357878
243361944
243511331
243559548
243782622
243861710
244226434
244252589
244603584
244722106
244801591
245344601
245549271
245775042
246224968
246332334
246368246
246369123
246487094
246706855
246755010
246799636
246815291
246920766
246981050
247194603
247211788
247252740
247330939
247490874
247657028
247658159
247716060
247788296
247841979
247876324
248008648
248055777
248113429
248200603
248254181
248387365
248639471
248677930
248804647
248911377
248923820
249113221
249300485
249307164
249309056
249527112
249570001
249570951
249867592
249873174
249967829
250626302
250676626
250775169
250778070
250804883
250814949
250859604
250920404
250946565
250947310
251038524
251095969
251292381
251293155
251314283
251362731
251521798
251554548
251674438
251726903
251917588
251988371
251994092
252040067
252066020
252246489
252456278
252626151
252831825
253095025
253156075
253397209
253752067
253766147
253856937
253858132
253953753
254022346
254059957
254339072
254358757
254452157
254506216
254572345
254612460
254631213
254679063
254948935
255006233
255089087
255263498
255394695
255397628
255476699
255481000
255523868
255586958
255588129
255735927
255752433
255863500
255939820
256132297
256137022
256238662
256252387
256344799
256383372
256437596
256452243
256474298
256608702
256609679
256669685
256686724
256905933
256941205
257024509
257349662
257448460
257606276
257720671
258087104
258112871
258166509
258436463
258444020
258462224
258463211
258484516
258580992
258591606
258608028
258733397
258803855
258905342
258959137
258978738
259024805
259055200
259151650
259319351
259589034
259715964
259746494
259790362
260059229
260085151
260154474
260172462
260195448
260277623
260709410
260800929
260857716
260995274
261102288
261103872
261112168
261184078
261209545
261251136
261351353
261447822
261486548
261489335
261602556
261683048
261851928
261898994
261968471
262285827
262293877
262408161
262425262
262459344
262481500
262596366
262640237
262922674
263076639
263308970
263405725
263467930
263474167
263809692
263966288
263971800
264026585
264318623
264372123
264421122
264522933
264547265
264787337
264806672
264848266
264897205
265101465
265140602
265251649
265308090
265347696
265408425
265486142
265522143
265589440
265798977
266112580
266281834
266311346
266497788
266513480
266523161
266602709
266813258
267077790
267158738
267168183
267373881
267550735
267626008
267638208
267699655
267711974
267750501
267824972
267830025
267847325
267862896
267873985
267874590
267953401
268043312
268146902
268181631
268252062
268305447
268378584
268406157
268483779
268508931
268569762
268684076
268974268
268984815
269080675
269080689
269277526
269317139
269328597
269516644
269518758
269558829
269781091
269814563
269867324
269917548
270104240
270222964
270393123
270473374
270671955
270727799
270875089
270999852
271016978
271051717
271180290
271219556
271338757
271378670
271400143
271420763
271423655
271505553
271527515
271664223
271746160
271876063
271881672
272121053
272139123
272321142
272485112
272501377
272726652
272902539
273125392
273204787
273534464
273604185
273692563
273706080
273709975
273788416
273968158
274006551
274080159
274109315
274183982
274212553
274241402
274422377
274481118
274496440
274515033
274525512
274555197
274596450
274654041
274670983
274696454
274731119
274758886
274820428
274932034
275009180
275199670
275520088
275580159
275694169
275780821
276092945
276183979
276197404
276240708
276320132
276371461
276629944
276657403
276721469
277447457
277509485
277512200
277524099
277561556
277586547
277590840
277643439
277662483
277765563
277833460
277858413
277891274
277985951
278130417
278218910
278315428
278398185
278439317
278483354
278492431
278548609
278572482
278585675
278596863
278650861
278714779
278932902
279304933
279363681
279403022
279413157
279507001
279660773
279877413
279961343
280088514
280136896
280139623
280228328
280300232
280369929
280529533
280601880
280639578
280695202
280744779
280779058
280782727
280889529
280919942
280977861
281015443
281444497
281720589
281842290
281858454
281991008
282006373
282086215
282226767
282333066
282370331
282510930
282521161
282529079
282553402
282783245
282974529
283093574
283104510
283160341
283308929
283316789
283685261
283759120
283805741
283868907
284253638
284306433
284320074
284359912
284579502
284674548
284790133
284798573
284896543
284977508
285034212
285084075
285138518
285169256
285233677
285504388
285559632
285604562
285922084
285940520
285951846
285999549
286023618
286105407
286257364
286262839
286511020
286576371
286602739
286750555
286919433
287015463
287084789
287497132
287587413
287754974
287761247
287774588
287898561
287949205
288028394
288201399
288215224
288222578
288366472
288371372
288395195
288434641
288735744
288774126
288778088
288802283
288853124
288922764
288946202
289232098
289255895
289290621
289302227
289393271
289466655
289567408
289593388
289671727
289695377
289802473
289883062
290101635
290138390
290174869
290287062
290308533
290415885
290601591
290751238
290865598
290935016
291008932
291251780
291277043
291318031
291319437
291474719
291680732
291702406
291725921
291765922
291968554
292009618
292234551
292295201
292555783
292614210
292749824
292799612
292923853
292926211
292939961
292979691
293203869
293250898
293384405
293398497
293415421
293425827
293473500
293668520
293710211
293800982
293856253
294176926
294186469
294191744
294230008
294280155
294593386
294697203
294698341
294899370
294932663
294937035
294939351
294972529
295535104
295555815
295654007
295687670
295725667
296087667
296105980
296154323
296444155
296609200
296740391
296764188
296791768
296967642
296981856
296989700
297022277
297135983
297139827
297479652
297492037
297499433
297836719
297888645
297915379
297956625
297996476
298009984
298160377
298376972
298403537
298459064
298519584
298583796
298599662
298625449
298686552
298720662
298740113
298812191
298890545
298904274
299083464
299264071
299315318
299323291
299347652
299352654
299353205
299355347
299461947
299521819
299690669
299877538
299917640
300035497
300204147
300329899
300349671
300359254
300390889
300462194
300512598
300608461
300614811
300658420
300880532
301122137
301182416
301298985
301505245
301557101
301846815
301899525
301949972
302077630
302242481
302248556
302367247
302377271
302434488
302500080
302627722
302737663
302843020
302925356
302987511
303051563
303126488
303133864
303518014
303749905
303960526
303963833
304099366
304188561
304246133
304338462
304391532
304420088
304465874
304523882
304915635
305019331
305327109
305495102
305523955
305638825
305714047
305796519
305851759
305861487
305925719
306193877
306308970
306450168
306683425
306816141
306823284
306833206
306902497
306975526
307102163
307231026
307236891
307240833
307416766
307465224
307582334
307673067
307723873
307782032
307817832
307871240
308076633
308087540
308197568
308236487
308324036
308373619
308639852
308653995
308695945
308857296
308905735
309120832
309143150
309319826
309422038
309461244
309472430
309753254
309790484
309925114
310183265
310378374
310448508
310470444
310625380
310759553
311016337
311134436
311145943
311356824
311454484
311463353
311467420
311483726
311560746
311584541
311963725
311972920
312048360
312300045
312402967
312450189
312671690
312690237
312891438
312935977
313005441
313010986
313113429
313228109
313239353
313338690
313499161
313585355
313637943
313663928
313729533
313785671
314131946
314232345
314249537
314256601
314290127
314327804
314442244
314450435
314533726
314658935
314672293
314849925
315039310
315249780
315361888
315488285
315565253
315628158
315828446
316014598
316770682
316929301
316988988
317152149
317261197
317278071
317502374
317552904
317575634
317629478
317716277
317776854
318013407
318041413
318156734
318190664
318444187
318523981
318553793
318682777
318723748
318855227
319010469
319084402
319170588
319314395
319367715
319484466
319507530
319682830
319800345
319831552
319841514
319902951
319936959
320127154
320391065
320516203
320639578
320744215
320809839
320878165
320995916
321064998
321076390
321083773
321235566
321297550
321420919
321651818
321703211
321923260
322008201
322227859
322324122
322481699
322576349
322635195
322811110
322921065
323010381
323123685
323159208
323184620
323304866
323438076
323455850
323467170
323688809
323773983
323862190
323919232
323970901
323985621
324015644
324097315
324107506
324285185
324347287
324386907
324426096
324449446
324518000
324556881
324649108
324655306
324744934
325062498
325078893
325083908
325159247
325539640
325544402
325621737
325706766
325778163
326062357
326174636
326357311
326435034
326493033
326680628
326724990
326761960
326812791
326851927
327054250
327078509
327085637
327091095
327183378
327248901
327487333
327493529
327533390
327665681
327780248
327839653
327850653
327896467
328032379
328142964
328460085
328486263
328554757
328723299
328828708
328913433
328913763
329141089
329193512
329273502
329591108
329624251
329681076
329761654
329964058
330231123
330276476
330415560
330420038
330554278
330647515
330666310
330747675
330815442
330823192
330829800
330932797
331006203
331070375
331148849
331181652
331248410
331338524
331417315
331483963
331550086
331662154
331836077
331909543
331914912
332109014
332214728
332219456
332220413
332394485
332405854
332424612
332440999
332588713
332622082
332772621
332849661
333090553
333120074
333155544
333208062
333372229
333561299
333634582
333751185
333806297
334070761
334080623
334218094
334221275
334251423
334493447
334495261
334573455
334629191
334633104
334869890
334998712
335109031
335109432
335128148
335131297
335143770
335261520
335294643
335347140
335373994
335421722
335454293
335456317
335479285
335492464
335826027
335899031
335995033
336011183
336119729
336168429
336240614
336307093
336352594
336365417
336442395
336622509
336703031
336826682
336932253
337014618
337018789
337029922
337091579
337131167
337169425
337213794
337250025
337285768
337327605
337544436
337584044
337671358
337864018
337928689
338364632
338472162
338474564
338498829
338505117
338638915
338722933
338800777
338826134
338890865
338910912
338980570
338980932
339032078
339103356
339211297
339288616
339292636
339326320
339413776
339492475
339546740
339913673
340099086
340188766
340192417
340207375
340235169
340279176
340445222
340450766
340610158
340628666
340663087
340730142
340822501
341028250
341392414
341742809
341906423
341932202
342061625
342588043
342599524
342603489
342640902
342733011
342931896
343075459
343142744
343273926
343312176
343364782
343401912
343551380
343731806
343782034
343978672
344082563
344094463
344110756
344154246
344348329
344546277
344743371
344909883
345232609
345305922
345442560
345486479
345537894
345751210
345787214
345920984
345948645
346243819
346259735
346282060
346484255
346494569
346911954
347019679
347067996
347163226
347248784
347288227
347505763
347535486
347738300
347776023
347805680
347970558
348032559
348102857
348241363
348276408
348371515
348435521
348518339
348551818
348661262
348662799
348675402
348974511
348988444
349000215
349169804
349175289
349302105
349346448
349377866
349450758
349456289
349561689
349575814
349582808
349660932
350155953
350162298
350169119
350418118
350425950
350757343
350761702
350812478
351162368
351181595
351188614
351276937
351581069
351603071
351636949
351678705
351827893
351998480
352027095
352048434
352155545
352221845
352323905
352687043
352786418
352800525
352860933
352919991
352989532
353193473
353358249
353373932
353425891
353534604
353779797
353890546
354022643
354116655
354253624
354278217
354301209
354333532
354420484
354500206
354644131
354667685
354700611
354727259
354735111
354864762
354924405
354964869
355062902
355167054
355429336
355473197
355625033
355631077
355651346
355749144
355750829
355794689
355860244
355996224
355996458
356072225
356286075
356467140
356648820
357039920
357146890
357208330
357363947
357480814
357592598
357607946
357616668
357917758
357995311
358101367
358274581
358506846
358658278
358738528
358817269
358850134
358891977
359030329
359054516
359086186
359109697
359196437
359252623
359264807
359280455
359713376
359748994
359883675
359941699
359942763
360021757
360114187
360129961
360173206
360204857
360266474
360279059
360412117
360426910
360534651
360551609
360631291
360721588
360766849
361001243
361028188
361434023
361553884
361569166
361791801
361882158
361886922
362001233
362111648
362333679
362337390
362463073
362531958
362574501
362620010
362630046
362733833
362794102
363036216
363078244
363186364
363229012
363468991
363481959
363662002
363976175
364144265
364219205
364403476
364405553
364599054
364713390
364743069
364819367
364855255
365453437
365538854
365551054
365593406
365600810
365657504
365732212
365803702
365841446
365894965
365911493
366198950
366563547
366631258
366734601
366814896
366922172
366976183
367136512
367364847
367405967
367475153
367476856
367494419
367531574
367737505
367871244
367964287
367967842
367995471
368276929
368303620
368393584
368430235
368586096
368631340
368844490
368873424
368910702
369142122
369286812
369296476
369309213
369651897
369752935
369758249
370396010
370500733
370584284
370661470
370696580
370904366
370956497
370967456
371172263
371193437
371197059
371339127
371481641
371656555
371667298
371692027
371697910
371779648
371923474
371935016
371937039
372116180
372250464
372404417
372459144
372643948
372665650
372834346
372994349
373131832
373144385
373250876
373260818
373331463
373439219
373572815
373694115
373741094
373789029
373808597
373895192
373903167
373941300
374041759
374061103
374100353
374179962
374189720
374219975
374337751
374392490
374439815
374593071
374680272
374807889
374819281
374839951
374869162
374898588
375092466
375138303
375368706
375396327
375513359
375537044
375556771
375581100
376133234
376260245
376403533
376545765
376650320
376663583
376801763
376983640
377327819
377381218
377389224
377507461
377540708
377728633
377759807
377785356
377840599
378036360
378057091
378159145
378250494
378495857
378528241
378581386
378616206
378663866
378689032
378731420
378862028
379045035
379192714
379267537
379379257
379658356
379714412
379767889
379828489
379878996
379892249
379956671
380144972
380166665
380241429
380307428
380328735
380488501
380534726
380573472
380645247
380674167
380702635
380795563
381101136
381174204
381180056
381187752
381230253
381426867
381429683
381517421
381527547
381551455
381585879
381690796
381718509
381722307
381849144
381920190
382134193
382164363
382197113
382210102
382430899
382638392
382679387
382701898
383097894
383274145
383282689
383477752
383756125
383902839
383984747
383987793
384439615
384568198
384598625
384759465
384764022
384943142
385145034
385215895
385240566
385316110
385379334
385406094
385634737
385643600
385730214
385930052
386000814
386002035
386132313
386202583
386565020
386666831
386747588
386921299
386976493
386999719
387066234
387102825
387411316
387457363
387474949
387507357
387872814
387971091
388030257
388071210
388146590
388265811
388379923
388477164
388477647
388731822
388742321
388774838
388928512
388978180
388982380
389169751
389183014
389225408
389439331
389492163
389541135
389638502
389912512
390130941
390235702
390246705
390308955
390322996
390380464
390408983
390487936
390514782
390631032
390633441
390720594
390908122
390988795
391104904
391144566
391177630
391181862
391667055
391796219
391886866
392053582
392084549
392255453
392301334
392467401
392473885
392622388
392647305
392810868
392822171
392955314
393123095
393305871
393558711
393706870
393718216
393868998
393970009
394203027
394209695
394401434
394494190
394553803
394585954
394694585
394872908
394995371
395048177
395095010
395117157
395231306
395319378
395331694
395361181
395455273
395633572
395813227
395839597
395870974
396079141
396129424
396270724
396367900
396409481
396556184
396581889
396680180
396781939
396904017
396933479
397041915
397062216
397131807
397197841
397246147
397446797
397569394
397581571
397599558
397610347
397620418
397652631
397654219
397748066
397804215
397939143
398516188
398641203
398688581
398801404
398827646
399006516
399055937
399308506
399337980
399340645
399352237
399371625
399392083
399436312
399459368
399588718
399866170
399994974
400029340
400342256
400348651
400352333
400564060
400621912
400647493
400665041
401057945
401063109
401095524
401181511
401297846
401401897
401431143
401460488
401632549
401646164
402258029
402312249
402441753
402668002
402751495
402798286
402907410
402931219
403267292
403297703
403509411
403838205
403909030
404144695
404251260
404302883
404383819
404449008
404505234
404563791
404679452
404716437
404732401
404747941
404749852
405078357
405256177
405272369
405511541
405552743
405734616
405858433
405914573
405965569
406030657
406035305
406306305
406387208
406527663
406566610
406575787
406584821
406764523
406875197
407006148
407230717
407363577
407396596
407450933
407765241
407836684
408070412
408237915
408448921
408531829
408556184
408560271
408734537
408930226
409019296
409050019
409098412
409128601
409150480
409208112
409233399
409297278
409304644
409405705
409410781
409457635
409898501
410078896
410079053
410115106
410393536
410407271
410569213
410700871
410704940
410841693
411135487
411172958
411202948
411216104
411222472
411326511
411345214
411679932
411769171
411803125
411956845
412030474
412048771
412060249
412156980
412279395
412355025
412366502
412514926
412795676
412856724
412873435
412904887
413063864
413226478
413248277
413500859
413502726
413738809
413810392
413844430
413859056
413917301
413919334
413947121
413955112
413981954
414175889
414293883
414358691
414627509
414752181
415321620
415328017
415564781
415649301
415961974
416015138
416025745
416125842
416143446
416158263
416229058
416772573
416809864
416812348
416865331
416906719
416961802
417046084
417101498
417102687
417161516
417910311
418141485
418356941
418360009
418485648
418680436
418791924
418858080
418952317
418998111
419056411
419091970
419226015
419258716
419338378
419338794
419412473
419470564
419471823
419519942
419528265
419728588
419789170
419845394
419918136
419948083
419968820
420039359
420292034
420380480
420492720
420713241
420972615
421084031
421197048
421232719
421293385
421349534
421355168
421373040
421493154
421609701
421623291
421648356
421664900
421751935
421775007
421948219
422019959
422226571
422348030
422367538
422374902
422380500
422446090
422450425
422510120
422536066
422984887
423097254
423186314
423465682
423503308
423548075
423590972
423614246
423709389
424152310
424299094
424377428
424459050
424488497
424497474
424763070
424953247
425115482
425145738
425207544
425295576
425315396
425354894
425457867
425490004
425526677
425653230
425657170
425694137
425695241
425717835
425799578
426076682
426109021
426116724
426335438
426545250
426595953
426683586
426778200
426833884
426860338
426968129
427111601
427127255
427140619
427186660
427246341
427297609
427330923
427603528
427799339
427837849
427950108
427965465
428219264
428289554
428430496
428445785
428459720
428719553
428808948
428867156
428914544
428937794
429119123
429123269
429327763
429445338
429618137
429626993
429807264
429885766
429977110
430038578
430051751
430130666
430167563
430334159
430445606
430549790
430760098
430905492
431039535
431083097
431102330
431254283
431320523
431368414
431378926
431405079
431545653
431558632
431627546
431646238
431718009
431775702
431792743
431833141
431933726
431995179
432002165
432112009
432268893
432350706
432574960
432641333
432758503
432806711
432947780
432950343
433087712
433388422
433508714
433532244
433541728
433742800
433771459
433782474
434281259
434297124
434317503
434508499
434509249
434706693
435041088
435076701
435398244
435419171
435428914
435564319
435713227
436098390
436177680
436206166
436212123
436354934
436463426
436468574
436509126
436513831
436640460
436810722
436864204
436973733
437066895
437416580
437438772
437682937
438531681
438610438
438616626
438811723
438881247
438927698
439194465
439202338
439596632
439599103
439664016
439729945
439877323
439895294
439956431
440533811
440558245
440592366
440681580
440706708
440849431
440898899
441236820
441544227
441703011
441825205
441961777
442093958
442257899
442307688
442366992
442367051
442491648
442491977
442534047
442569162
442669500
442721063
442791129
442835448
442940755
442957083
443049388
443171107
443216397
443372989
443582391
443652176
443668877
443803645
444407496
444524790
444616353
444692701
444744355
444787541
444793633
444883452
444977658
445064806
445179892
445181671
445331474
445394349
445641117
445663295
445974929
446055585
446082543
446133563
446304048
446467560
446877151
446952393
446979769
447037434
447053635
447148758
447167310
447260030
447432825
447854690
447857917
447979225
448137720
448231521
448233512
448245022
448259071
448303198
448338822
448655615
448701677
448946076
449148448
449214057
449287719
449295545
449451075
449471863
449525682
449784270
449798323
449989970
450184135
450186740
450393664
450647533
450712999
450716099
450750711
451116454
451152674
451204133
451304594
451307364
451370852
451395952
451547180
451586324
451747011
451768846
451801443
451980609
452464826
452475644
452583182
452585391
452598089
452633069
452873547
452949897
452962252
453024823
453145373
453267617
453407293
453418852
453463087
453564970
453665123
454065333
454131153
454240593
454459995
454574162
454786609
454794370
454842611
454962431
455028634
455143140
455169981
455551736
455654521
455741649
455934856
456016500
456033756
456048485
456097107
456124907
456194939
456242102
456329431
456379695
456388087
456559063
456576002
456758366
456951030
457165777
457234197
457327613
457677715
457683316
458027423
458056384
458224298
458235392
458646986
458664561
458726725
458786287
458828298
458857010
458910266
459090583
459133525
459212519
459271931
459326719
459336394
459386089
459387367
459501085
459539299
459637717
459751290
459798980
459869803
459938540
459987807
460721067
460917775
460954873
461029372
461080894
461162147
461418034
461687777
461751356
461803780
462189157
462245590
462388176
462445925
462492224
462503212
462665987
462836873
462851559
462975084
463312350
463339396
463357665
463431018
463825111
463951488
464037635
464099205
464161559
464350431
464370635
464570526
464615533
464636546
464825932
465299693
465378247
465462937
465513935
465609416
465994618
465998732
466008652
466029329
466082037
466755463
466794865
466881217
466933856
467071886
467082537
467123125
467202517
467303041
467327986
467408814
467412748
467546348
467602333
467745277
467943680
467952037
468113002
468183590
468311145
468415402
468451065
468507234
468581068
468856358
468992603
469319377
469522431
469633520
469703609
469822066
469827520
469907267
470045835
470095748
470331731
470499718
470532608
470616839
470620872
470674283
470688719
470734823
470829092
470867446
470869428
470923418
471164317
471421560
471628384
471636483
471762228
471842206
471864465
471899399
471926320
472027157
472047227
472170184
472374555
472436988
472440540
472548611
472753728
472814456
472905919
472993093
473024356
473084964
473164865
473247559
473300752
473348080
473391017
473457556
473545269
473547923
473576229
473630810
473646036
473829122
473945012
473966916
474030616
474084554
474422188
474424028
474486391
474549792
474807090
475284791
475449654
475731824
475874112
476061520
476108383
476131721
476229986
476234485
476523221
476525924
476549332
476550986
476777157
477051243
477079404
477100985
477298218
477322041
477327849
477408046
477617461
477675397
477700183
477750097
477817054
477845855
477883348
477966023
477975004
478130526
478212340
478236797
478352033
478362739
478405745
478602288
479130404
479165842
479255577
479451481
479604432
479651622
479675794
479719368
479798882
480001607
480144004
480312827
480356912
480397057
480410463
480547438
480627536
480649380
480679762
480949770
480953276
481018023
481152828
481228310
481362432
481366242
481513384
481531261
481542006
481543043
481588637
481626073
481656297
481656736
481725904
481822523
481837442
481848030
481987681
482036791
482056508
482461023
482568927
482777981
482807836
482879795
482903085
482942689
483008048
483075320
483111059
483278517
483508343
483531313
483579507
483639435
483650444
483715143
483823808
483952703
483966787
484128749
484199925
484344409
484346931
484367878
484524077
484614012
484771076
484863546
484940134
484969139
485006740
485168489
485171908
485234384
485254188
485287328
485382859
485419357
485430810
485544750
485599928
485630830
485702789
485840630
485853209
485898858
486091253
486257315
486611023
486655444
486716604
486820531
486848559
486900775
486906526
487003713
487266725
487275323
487302942
487390580
487688508
487723868
488092751
488166900
488175827
488195092
488216414
488247405
488254065
488297282
488320461
488673323
488896270
489010651
489155478
489172354
489173450
489258074
489362546
489551951
489633417
489967434
489984062
490149953
490448212
490581132
490860843
490912504
490922129
491041006
491292735
491300661
491428705
491460496
491502448
491512199
491578564
491710740
491743531
491974692
492199095
492258387
492342231
492357223
492365682
492408847
492445660
492452818
492506032
492543880
492715847
492848256
492978552
492988555
493396123
493439153
493738097
493765545
493792880
494223814
494247764
494322736
494409192
494428792
494434936
494550752
494632815
494703465
494733871
494818271
494926826
495157662
495195655
495198907
495330399
495402422
495604604
495661328
495673134
495778118
496093816
496135318
496239313
496483337
496527987
496581847
496824428
496849770
496978690
497106707
497161875
497201634
497309922
497422004
497589976
497763448
497777297
497781098
497839357
497854471
497900268
497998223
498063621
498100113
498161847
498190724
498191143
498260980
498296971
498307356
498356561
498362703
498501470
498509444
498519208
498547555
498586849
498645542
498689790
498712014
498791374
498889467
498894620
498900030
498970989
499034803
499180101
499294905
499301381
499359168
499360949
499497726
499518621
499631668
499643111
499862106
500096522
500160996
500201791
500232415
500475805
500480469
500580088
500636449
500676777
500710302
500762972
500813864
500986726
501447517
501551710
501741859
501854149
501950252
501977126
502018362
502025587
502187548
502500958
502539246
502698696
502701780
502754478
502958058
503201497
503317362
503376382
503415570
503724565
503944706
504033929
504052513
504057867
504218041
504225559
504391955
504419658
504476656
504497399
504525631
504549495
504645963
504749216
505075414
505237570
505240002
505527087
505835327
505853684
506035659
506442349
506470363
506512101
506519578
506523210
506544707
506839799
506977954
506989223
507406881
507854402
507977567
507991901
508014586
508056200
508065785
508110027
508232110
508532865
508589886
508636948
508665788
508705848
508795671
508828035
508959039
509005235
509054533
509176955
509266389
509592411
509640100
509650456
509759302
509790738
509934585
510066494
510116190
510183892
510187839
510204280
510368133
510943390
511030649
511047496
511064089
511215234
511291783
511451454
511615418
511860039
511867363
512053618
512073428
512080808
512082197
512182742
512223529
512326924
512479916
512600043
512799407
512946974
512991051
512997409
513064515
513068153
513105748
513311720
513341277
513456943
513501640
513581389
513586624
513768942
513890072
513913765
514022565
514089327
514248512
514372831
514472514
514552058
514807965
514827209
514902657
515085254
515174777
515193541
515271550
515290095
515352923
515527288
515545048
515628661
515656519
515661866
515662891
515747316
515874895
515959825
516101119
516118073
516153386
516174111
516317898
516399323
516557301
516582852
516979613
516997074
517142026
517174999
517177789
517268679
517405713
517665764
517703106
517743966
517805564
518163689
518246414
518267905
518379608
518586006
518812329
519252558
519280173
519324381
519336020
519594081
519678058
519743216
519790584
519798276
519977491
520018977
520119556
520132114
520508635
520709428
520786110
520841369
520953919
520980210
521201067
521403556
521420598
521449504
521485551
521573243
521611529
521617867
521657951
521830311
521851855
521951068
521958834
522013576
522052660
522060703
522309575
522318465
522322850
522855716
522923128
523169165
523229273
523262209
523288781
523511564
523677271
523703001
523856779
524075577
524221420
524221513
524379633
524487180
524493142
524733577
524803646
524837646
524915356
524919297
524928853
525537739
525657612
525971921
526067519
526243701
526443595
526481696
526765005
527025653
527050886
527177804
527280262
527548431
527573164
527681654
527683396
527852991
527953877
528074396
528134230
528356826
528363850
528368851
528422129
528575130
528623791
528717527
528939802
528982297
529142441
529145569
529169291
529381058
529542179
529708951
529755202
529774655
530176833
530194713
530429656
530500451
530513017
530549943
530606743
530612780
530891560
531103781
531116741
531132824
531146809
531326068
531335536
531488106
531509293
531554529
531606147
531876789
531978821
532289115
532314667
532360496
532367028
532389973
532556883
532825098
533123026
533163786
533180872
533252874
533467001
533478939
533596204
533621837
533626617
533678364
533749460
533787520
533810646
533956011
534000037
534089352
534285978
534688936
534740517
534741169
535049248
535088175
535244967
535319944
535346218
535424589
535622434
535764226
535773654
535825492
535911400
536239925
536354004
536468598
536469983
537238508
537462640
537548036
537566467
537815126
537886391
537928933
537946333
537973689
538012227
538043536
538341988
538361707
538556355
538874869
538891793
538932922
539139873
539523496
539541593
539682058
539754170
539755873
539859022
540264681
540272496
540308028
540421630
540572669
540585850
541007510
541026904
541058258
541252344
541412835
541663438
541680428
541686090
541712080
541808441
541976804
542037772
542099697
542139940
542280414
542289924
542381640
542428815
542456831
542507892
542563224
542636755
542715346
542737964
542826289
542864349
543067085
543335213
543354741
543369523
543439403
543553636
543569555
543618755
543619241
543794447
543941338
543995646
544011882
544279776
544354873
544413181
544583203
544607299
544828129
545004665
545013452
545043494
545351866
545578012
545692819
545693283
545704433
545707676
545737417
545808085
545903536
545948772
545960567
546001560
546220833
546314928
546452900
546479205
546569411
546694086
546789945
546790912
546857249
547011299
547041316
547048548
547128552
547340393
547588280
547707753
547753571
547772780
547774795
547781695
547868868
547971052
548188302
548190657
548209110
548552021
548678589
548843132
548856708
549140043
549175416
549176846
549220865
549263233
549285868
549307757
549308342
549319302
549329669
549358959
549540058
549574389
549681926
549792539
549879835
549887378
550047285
550138273
550250421
550253911
550303697
550384064
550454114
550461251
550562832
550682849
550743707
550746239
550776230
550793772
550816278
550840012
550961920
551050156
551084593
551132788
551145245
551154262
551162404
551406949
551445009
551460129
551470439
551485863
551631823
551813189
551877608
551951785
552080128
552332464
552376296
552396580
552483850
552510226
552538328
553082589
553145342
553157699
553252232
553270864
553332090
553779938
553838900
554002318
554044726
554319707
554346728
554503434
554556984
554579575
554594746
554742365
554759366
554851798
554866218
554894960
554929023
555108514
555214527
555255924
555495351
555695670
555701241
555705198
556033554
556088637
556215650
556517775
556650130
556667440
556715527
556755741
557030742
557146999
557232062
557274067
557400184
557414892
557496568
557508931
557515651
557538581
557719885
557726973
557765367
557813876
557875616
557939327
557954194
558056091
558065097
558143371
558297961
558416328
558438139
558458319
558480263
558524716
558542311
558575267
558601278
558634608
558725019
558790948
558877765
558891865
558990264
559041730
559148307
559154682
559170453
559225777
559235573
559490828
559498016
559580239
559653298
559727669
559794371
559862596
560028164
560093680
560204171
560330235
560399223
560499924
560537117
560561604
560575588
560787774
560925398
560966462
561156157
561159553
561178454
561220126
561475059
561606994
561814741
561823652
561911476
562143104
562271690
562335501
562429948
562635663
562768971
562918379
563146520
563175445
563221454
563267048
563531607
563700038
563705289
563717958
563832483
563875444
563904713
563998306
564001238
564190682
564278331
564540336
564556385
564812475
564941087
564980398
565070182
565256015
565315194
565395227
565577076
565613579
565615907
565643050
565803068
565951620
566016548
566048518
566166414
566218192
566256045
566367568
566432515
566435877
566534714
566605620
566710973
566894815
566918942
567257334
567505704
567553933
567722937
567793740
567848806
567967276
567976706
567981012
568171824
568255399
568336743
568337653
568475404
568475960
568512868
568521237
568575807
568634292
568674932
568686227
568733071
568819390
569111005
569263630
569330168
569362437
569444954
569544481
569545518
569670671
570052788
570060911
570142334
570517176
570602801
570629637
570652661
570710635
570749875
570911894
570949820
571123601
571164530
571195390
571230293
571470687
571523284
571808743
571810997
571818522
571848621
571957956
572328415
572384607
572476597
572677262
572808622
572924048
573058884
573071824
573181126
573440362
573443378
573530855
573620745
573672045
573801925
573948597
574019788
574067142
574244016
574564213
574576444
574791677
574851404
575032475
575051513
575224694
575264506
575269000
575376626
575435222
575512179
575873095
575892969
575936886
576141634
576494361
576572452
576601471
576677293
576751596
576961940
576980037
576980143
577059628
577342261
577540893
577548630
577624479
577739335
577792826
577801365
577954901
578052346
578101414
578428722
578789062
578867525
579042637
579097532
579254668
579484710
579545231
579681497
579702281
579792401
579824387
579948604
580340121
580354232
580451508
580460769
580570198
580624171
580664554
580845118
580923853
581014855
581455029
581523920
581546497
581566249
581643624
581686069
581694095
581908782
581957250
582002219
582156594
582224791
582293715
582311680
582315092
582784842
582795160
583006132
583094659
583105141
583206844
583313364
583457130
583539972
583633755
583779053
583785068
583828652
583927812
584096165
584099808
584147656
584160856
584193913
584196564
584263026
584285797
584387282
584402564
584435059
584449531
584544963
584615846
584639732
584673100
584720402
584873536
584911552
584932056
585185052
585226021
585249525
585334977
585335541
585404330
585479726
585558305
585563258
585738462
585799196
585893498
586035594
586191541
586304668
586714421
586933635
586985084
587161350
587176249
587222190
587286784
587316470
587449684
587512945
587643366
587743124
587782511
587807203
587818531
587955873
587993792
588067344
588181438
588495321
588723176
588928014
588975082
588993846
589044381
589144196
589192828
589308817
589319788
589529406
589959656
590106148
590235978
590306024
590393261
590460564
590462174
590520573
590850731
591188793
591385439
591487649
591492703
591495654
591555503
591558822
591713945
591812458
592095990
592161874
592520893
592552011
592690061
592778010
592811014
592837160
592892779
592966297
593141842
593288398
593301636
593496203
593577482
593687494
593775955
593811841
594293882
594311629
594457586
594648413
594748913
595030622
595088561
595144308
595211783
595246016
595375031
595657849
595880064
595928864
595957758
595991081
596176244
596286531
596317368
596556268
596615415
596658467
596692950
596877679
597103482
597247695
597410006
597516052
597623070
597854329
597888617
597911476
597983982
598157839
598191866
598289358
598384194
598388929
598740118
599095214
599180596
599213112
599257790
599281047
599658491
599700575
599858427
599938869
600000367
600015290
600097253
600303548
600332746
600343902
600491600
600529693
600595754
600729290
600817544
600930871
601100516
601270721
601290142
601301461
601373440
601374604
601547738
601710067
601724117
602028344
602072627
602111677
602307504
602356254
602399081
602474041
602664447
602777513
602812716
602849891
602928252
602993078
603092293
603185389
603243595
603247998
603648899
603655045
603662332
603908637
603973935
604009621
604316636
604345053
604488066
604555394
604558582
604604236
604604758
604683263
604756636
604958095
605317720
605454215
605469195
605618736
605751166
605787631
605790693
605874937
606139899
606218238
606258472
606527660
606597558
606754840
606762672
606891826
606997383
607325844
607501594
607646815
607664393
607708164
607835014
608460853
608721079
609170199
609279222
609311234
609317783
609380868
609429899
609607291
609641630
609656718
609677785
609687595
609739517
609757464
609770178
609818314
609822586
609897580
609915288
609922677
609949585
610027563
610170948
610333502
610387757
610629676
610825258
610845108
610903087
611030977
611140278
611357105
611357538
611422791
611496259
611503499
611686657
611702302
611778540
612017847
612055180
612074072
612271440
612493514
612589541
612599119
612634553
612687820
612704340
612997469
613026734
613067654
613123657
613313441
613403225
613477863
613502668
613596617
613737436
613817511
613866857
614125022
614258385
614328695
614359370
614401734
614535235
614617005
614769522
614776013
614805347
614805888
615033969
615118461
615124046
615277283
615283172
615506591
615611881
615673492
615681275
615695224
615763846
615796808
615920277
615942463
615985091
616010032
616034037
616183309
616218537
616347849
616383928
616408529
616450148
616463439
616500874
616570688
616777439
616969925
616979963
616996917
617007041
617053152
617070895
617222319
617506167
617520318
617533862
617563652
617617033
617680226
617715834
617737952
617747477
617797377
617886004
618180139
618182201
618456103
618474119
618543861
618639293
618770793
618810836
618859541
619092627
619114529
619192747
619522901
619601276
619900141
619950181
620266383
620303486
620405018
620530511
620694770
620700186
620811732
620992408
621047438
621081252
621121741
621127124
621153536
621171762
621325077
621528956
621563858
621795113
621823372
621833520
621891650
621902407
622036887
622080462
622192307
622304785
622454595
622465091
622556039
622567051
622584401
622860453
623094118
623212405
623322602
623462403
623621325
623823255
623881087
623974597
624027986
624059252
624180903
624275566
624354312
624405981
624502925
624516613
624725742
625005308
625044564
625148989
625384948
625692251
625732495
625806792
625818456
625836039
626123795
626154540
626251021
626288963
626308653
626394901
626431404
626684676
626740486
626825916
626915247
626990226
627249108
627343397
627517157
627562072
627565089
627656769
627874711
627902812
627968519
628269820
628276447
628507528
628800539
628909406
629174771
629191644
629203034
629302382
629408953
629416156
629675068
630108763
630358912
630580499
630594543
630627864
630703636
630894512
631204537
631377782
631393684
631573616
631709930
631777629
631812657
631915228
632004393
632039077
632059517
632173623
632318525
632368230
632424534
632470662
632763654
632777635
632865453
632889090
633008205
633139393
633249900
633311341
633521131
633522660
633743293
634040817
634203888
634230296
634347061
634363576
634470399
634507766
634564524
634635684
634675594
634826048
634847528
634859953
634860727
635146141
635389455
635440554
635556641
635601008
635695453
635860201
635972346
636183679
636330765
636375979
636513149
636630903
636634368
636874461
636881232
636900119
636952271
637022932
637232234
637318109
637551362
637600395
637647944
637715602
637810772
637850471
638215812
638318382
638445098
638571295
638580834
638683480
638691706
638958777
638964436
639011708
639053959
639621731
639656468
639793961
639829387
639910886
639918678
640159995
640232679
640533292
640564763
641028527
641050138
641160357
641257568
641374335
641387202
641720295
641747463
641747871
641832594
641919457
641962881
642175302
642298627
642420521
642460456
642541234
642555853
642556323
642583232
642625277
642933597
642947816
642989883
643065298
643149301
643174893
643200131
643307260
643455923
643602926
643643903
643684587
643713934
644064423
644119119
644129063
644372475
644406721
644555834
644600176
644690805
644719370
644723591
644781418
644797051
645047324
645201609
645261893
645339057
645593151
645620486
645740160
645942528
645954410
646350640
646429237
646571301
646830560
646850963
646853365
646974655
646985000
647018439
647257273
647382792
647505564
647565868
647673203
647736914
648035165
648054424
648054869
648084338
648113058
648123160
648164840
648221294
648256549
648256873
648266162
648724781
648803003
648814222
649083063
649125527
649191293
649245471
649312174
649378578
649381120
649384220
649680353
649842086
650024160
650035696
650059050
650079775
650528141
650719715
650810481
650856234
650905917
650937053
650953772
651018335
651087567
651147888
651162874
651194142
651211248
651325803
651388114
651444174
651468784
651506935
651527954
651587796
651631914
651651242
651729397
651921869
651933870
651989200
652041581
652148862
652302529
652314982
652426209
652569469
652581902
652972227
652988246
653068971
653201477
653320476
653420875
653428481
653642103
653675284
653680666
653721588
653776404
653793163
653829326
653987715
654021551
654037740
654048062
654083959
654191408
654234013
654592197
654672397
654754623
654981280
655003317
655147467
655332499
655357509
655472736
655547322
655619433
655799601
655833757
656120852
656200015
656318479
656338558
656430746
656656927
656697273
656768228
656925674
657019884
657073400
657082964
657115904
657122005
657188592
657196961
657320742
657355403
657390636
657491440
657606362
657652157
657654171
657656586
657675636
657740377
657755740
657785125
657865078
657991281
658130143
658336701
658442820
658524827
658546308
658640841
658804013
658825353
658870861
658870990
659060956
659180742
659361314
659396551
659852922
659893043
659931146
660003026
660247966
660383893
660529897
660751219
660836174
660875490
660931680
660932574
661028220
661193131
661543801
661897579
662069619
662117844
662139239
662653594
662690421
662703096
662732487
662885898
662903509
663151384
663171717
663182349
663418708
663550839
663582598
663612012
663756637
663893049
664049333
664059913
664068920
664097125
664141195
664189991
664412224
664525619
664530552
664594393
664607980
665057100
665123254
665228622
665308121
665308854
665520566
665563278
665604999
665622059
665878710
665900669
665905463
665919960
665920647
666002720
666102482
666130041
666375805
666657695
667191423
667203711
667250205
667508110
667541444
667742094
667787346
667836508
667965777
668011894
668073775
668142711
668444599
668511781
668702552
668807758
668946633
668987712
669117522
669131241
669169215
669205636
669286808
669297628
669739760
669951961
670245115
670276604
670470040
670476334
670484494
670566144
670637961
670851797
670947055
671102142
671237565
671432667
671479863
671484695
671567246
671823104
671842496
671867086
672065488
672318335
672601805
672631007
672747957
672922316
672999146
673085380
673242810
673361018
673395892
673472636
673535392
673968722
674255055
674348419
674384675
674902995
674934157
675064041
675092508
675161876
675404088
675414683
675523563
675589666
675644652
675788021
675792123
675865529
676047874
676270224
676518115
676519752
676535185
676569428
676974679
677011283
677248909
677524761
677565886
677579920
677587751
677723834
677740339
677840309
677934478
677965019
678162962
678426573
678498260
678523330
678666378
678674841
678918107
679066243
679071946
679233579
679238365
679262851
679313741
679383137
679488678
679539115
679782986
679796715
679801419
679840083
679992528
680002991
680037733
680218196
680272501
680363856
680375085
680661204
680683588
680723333
680770209
680983363
681073451
681206097
681279177
681538593
681543115
681676329
681695545
681978989
682114919
682233973
682299998
682311190
682425722
682464927
682583600
682700700
682703686
682917847
683009551
683172996
683327218
683586582
683716063
683959942
684037185
684204245
684352166
684487197
684561973
684571106
684574345
684672399
684985678
685080371
685107374
685165855
685256972
685904772
686274136
686288765
686318337
686443530
686469623
686568358
686619545
686648386
686753277
686863885
687049494
687051271
687086449
687440058
687522288
687544587
687618734
687810968
687879267
688249417
688330682
688363742
688439207
688488511
688551192
688552455
688716168
688724692
688869197
688948836
689037910
689121921
689194247
689305536
689342793
689345567
689382161
689687699
689760650
689777089
689780861
689797468
689838702
689993846
690031645
690069628
690129170
690150427
690450297
690488821
690535179
690738776
690852107
690901032
690948720
690984749
691034582
691165909
691266388
691298108
691356525
691372848
691500472
691679014
691782925
691863720
691907423
691913253
692009399
692038969
692177124
692284036
692332266
692509579
692685260
692778796
692874077
693014840
693028814
693094115
693094902
693162124
693315112
693359756
693657713
693774705
693841681
693844456
693862875
693920592
693973245
694025068
694042335
694060010
694116483
694210239
694243128
694296208
694305145
694346562
694464803
694686033
694800120
694809636
694963223
695154753
695326815
695368141
695485709
695596316
695611319
695888435
695888932
696206253
696291830
696363819
696446338
696749494
696974459
696987957
697211637
697220329
697383526
697443716
697537493
697539907
697589887
697604908
697858141
697972352
697995481
698079089
698138090
698494767
698626191
698645274
698708044
698767937
698875602
698908303
698993397
699009367
699059990
699181353
699212021
699293386
699314205
699371218
699386526
699443416
699464613
699825625
699916316
700017223
700261192
700499582
700513852
700672883
700863222
700879966
701040305
701077698
701109060
701214178
701346513
701499061
701638465
701639696
701649490
701651402
701669473
701779791
701847930
701910044
702135792
702196355
702272422
702296470
702313969
702318020
702685310
702861413
702872702
702947007
702983929
703010014
703225380
703298417
703360582
703817101
704114788
704206291
704220617
704410429
704411814
704430362
704504953
704510909
704570577
704593176
704750789
704830063
705028819
705408135
705452206
705476687
705578357
705643332
705703951
705788564
705920342
705960798
705988743
705994834
706011653
706103207
706130000
706273023
706351214
706399684
706468252
706537253
706821610
706898440
706995242
707688051
707745174
707801254
707841477
707851931
707858852
707882645
707948549
708289204
708357168
708420757
708472639
708669931
708810056
708832164
709004406
709011998
709032657
709194265
709230707
709249666
709497650
709636174
709719087
709769416
709931219
710111336
710119880
710449398
710564166
710647526
710761357
710933057
711148524
711256737
711432784
711544580
711583400
711858264
711953946
712020280
712193862
712227943
712246071
712452698
712460518
712469507
712520048
712525208
712533384
712571562
713242867
713273709
713396606
713438110
713599027
713640317
713748952
713900220
713921666
714066980
714109369
714122690
714139834
714170368
714188836
714266577
714278039
714347748
714432233
714456212
714548679
714569963
714726021
714770981
714831026
714975674
715150240
715165043
715197435
715304890
715352345
715414776
715557291
715697423
715903085
715948982
715961111
716013232
716021537
716190802
716190997
716273620
716389724
716410754
716444565
716768176
716778552
716789031
716842807
716890870
716893359
716964819
717046292
717137756
717156596
717168033
717179281
717302137
717556760
717556894
717705770
717726157
717879877
717968327
718017889
718039648
718099273
718136359
718192376
718221715
718294866
718309613
718326919
718331653
718370786
718422495
718424211
718481923
718826947
719139840
719718066
719874867
719921850
720076523
720177582
720205922
720236134
720288021
720406941
720414585
720445846
720878080
720942089
720958853
720990870
721066415
721393445
721531383
721552136
721616066
721835175
721942583
721981520
721985481
722006913
722009334
722096259
722242544
722422005
722506899
722584423
722906000
722992001
722998249
723090541
723189686
723257380
723359027
723437431
723474696
723583975
723599925
723618543
723744098
723749623
723923784
724030014
724033383
724332333
724422957
724464474
724486901
724741105
724762278
724906228
725183294
725302124
725465149
725708464
725719050
725770334
725883935
726095455
726168903
726180700
726336950
726359211
726368512
726534529
726632133
726720127
726757297
727079014
727129809
727178911
727432124
727664805
727680367
727700529
727730029
727906414
727985283
728051119
728245770
728560201
728605010
728644267
728712076
728738810
728791795
728938950
728972159
729030894
729379060
729452138
729482420
729538701
729565495
729567182
729592689
729630356
729785047
729801996
729858420
729867158
729922294
730172521
730400569
730476070
730485501
730696304
730811712
730864001
731114508
731117483
731126682
731129561
731146598
731157639
731241896
731312409
731314239
731358825
731394927
731511212
731534034
731653929
731711530
731850131
731879416
731910466
731978140
732032560
732098039
732146753
732184323
732230905
732289977
732322410
732347531
732531702
732755322
732933373
732959193
733042953
733158800
733206423
733250385
733297371
733332073
733356258
733370712
733421487
733679951
733800363
733845783
733927460
733932929
733935879
734147320
734164139
734388364
734636516
734942330
735164234
735340772
735416878
735424577
736086147
736192449
736219273
736253258
736370720
736425227
736460020
736474689
736490524
736625266
736708126
736981599
736985344
736998940
737063045
737078883
737119110
737143561
737220825
737270659
737284901
737380383
737436650
737531351
737587544
737632565
737708717
737709241
737811950
738168719
738247616
738268285
738347920
738433714
738474927
738483194
739144098
739172939
739203954
739306188
739310833
739418186
739493742
739574744
739753210
739771295
740279258
740362382
740442472
740468836
740494228
740494948
740497179
740536449
740590117
740619788
740653957
740959483
741009347
741094399
741139224
741159520
741287008
741519015
741561401
741717577
741950806
742031252
742131794
742349547
742452497
742460671
742482885
742557178
742815421
742861437
743367944
743445818
743535671
743536260
743574039
743683929
743719440
743943356
743995655
743997279
744190466
744250107
744265154
744348696
744422108
744524951
744535934
744548593
744579565
744820060
744845788
744847373
744875306
744879223
745064002
745280082
745288539
745353415
745487035
745655174
745848028
745862973
745881886
746020056
746051688
746139699
746167305
746234037
746251567
746296066
746423366
746462784
746475601
746784513
746796421
746848070
746897877
746924797
747141247
747146374
747364665
747644866
747783655
747845761
747932234
747935575
747965412
747992006
748051492
748080346
748276515
748406340
748457682
748566495
748668353
748676889
748864002
748894385
749157210
749240612
749251480
749551328
749603287
749952972
750001609
750062932
750154806
750168474
750400187
750548416
750740313
750930063
751120142
751211832
751222300
751348575
751357926
751468147
751537280
751626793
751645772
751668560
751717516
751808418
751923132
752045600
752158724
752201396
752338809
752580065
752588215
752746951
752764165
752789023
752910029
752930834
752950169
753125617
753198399
753521726
753580580
753840558
753995250
753996673
754069668
754314335
754367327
754441168
754495766
754497846
754532735
754703735
754890226
755026188
755066179
755157486
755158232
755312498
755401014
755424125
755580636
755751202
756179479
756541649
756611627
756629742
756639221
756647331
756729934
756898102
756945674
757140496
757218707
757243056
757260111
757364097
757435604
757521319
757530989
757540203
757558810
757563177
757662558
757916587
758008465
758101118
758248348
758362718
758397943
758517936
758811985
758890760
758907165
758920512
759030841
759167372
759261913
759647554
759726147
759746976
759971638
760264627
760399964
760400080
760498272
760715012
760724197
760947572
761029919
761031316
761097793
761171351
761174163
761221885
761249175
761479355
761559699
761565302
761595355
761604773
761769220
761791988
761792962
761836570
761871745
761985195
762109817
762305966
762316358
762743941
762785404
762937120
762951017
763085382
763090410
763298020
763692596
763773280
763838565
763861841
763982243
764098641
764281902
764355693
764523791
764553016
764653590
764673517
764931099
764988456
765026743
765283784
765342753
765479224
765504749
765577515
765641452
765777339
765817065
766004435
766131161
766251975
766254281
766351462
766380263
766426533
766621289
766744163
766801819
766803310
766896620
766897118
766941494
766959593
767098985
767133509
767221653
767301721
767303330
767467380
767602241
767901200
767908667
767956430
768085983
768184062
768235010
768244156
768271881
768296005
768303669
768311530
768317321
768358971
768462536
768463655
768572033
768736919
768809563
768931780
768944783
769185233
769199601
769554748
769647093
769669085
769776769
769785293
770123386
770136669
770201482
770411566
770585403
770724671
770725731
770736657
770817222
771113284
771206150
771237999
771305493
771315922
771341595
771640344
771682238
771830115
771895068
772026689
772104630
772222655
772301886
772370354
772392949
772419512
772457777
772489320
772550046
772577378
772586538
772649829
772842981
773021776
773123152
773158696
773160056
773590032
773811096
773919512
773945534
774031122
774271364
774360895
774406208
774422202
774546820
774558901
774681799
774824273
774839924
775125751
775288243
775321274
775424332
775440544
775703095
775705577
776077320
776080768
776235309
776288965
776379249
776400930
776497939
776621267
776771106
776843927
776995133
777097078
777189129
777423914
777432221
777625103
777660982
777753978
777857450
778150393
778280142
778410883
778532314
778700793
778741922
778742016
778938950
778976230
779279128
779305227
779470950
779560221
779971668
780178922
780213689
780296527
780302808
780307451
780325097
780417911
780431603
780842432
780856533
780857618
780878444
781015615
781018635
781267949
781398382
781449241
781477702
781708841
781924512
782146605
782161612
782380243
782410889
782482437
782510741
782522600
782529328
782600260
782634052
782836836
782895740
782903910
783084408
783306133
783348989
783375027
783427344
783433348
783452735
783549002
783698246
783704839
783727687
783783698
783802448
783852892
783965364
784222533
784280767
784398673
784415479
784417899
784421675
784606294
784661153
784869342
785115634
785192365
785338957
785406735
785482004
785631032
785788766
785911337
786011809
786062210
786169515
786221372
786455224
786511538
786583669
786866548
787073433
787100429
787168857
787189885
787262805
787362749
787491511
787556924
787640884
787641211
787718331
787734713
787949784
788057713
788346942
788733010
788809050
788836848
788847055
789013845
789075677
789090522
789118428
789121542
789271800
789369471
789572696
789611872
789714812
789811275
789836269
789975524
789988218
790036393
790132432
790215013
790246786
790409879
790732401
790745647
790751904
790888026
790918218
791100722
791157525
791190859
791242225
791249251
791382050
791530894
791729158
791785345
791799503
791807803
792037174
792080235
792201166
792272798
792428782
792453064
792642336
792742909
792855841
793037393
793053899
793125084
793228533
793456907
793487439
793991176
794206756
794281306
794488632
794621235
794687742
794745172
794849084
794852431
794916115
795042179
795319920
795448131
795587155
795634615
795745549
795765068
795791048
795833999
795894498
795941517
795975007
796067764
796173951
796370799
796641046
796657079
796787902
796818130
796908052
796932514
797054201
797192751
797277800
797396536
797774529
797824119
798079809
798254583
798608615
798615317
798660778
798731873
798862088
798945775
799016522
799143194
799159508
799189666
799206747
799728145
799780775
799799190
799825219
799903789
799914245
800122453
800128408
800141108
800143404
800483098
800517046
800539203
800618463
800623179
800635825
800657450
800705189
800843313
800870823
800884135
800976160
801260807
801281880
801552965
801559843
801588106
801724968
801814895
802183685
802303678
802309716
802429291
802475219
802681632
802689732
802830344
802925720
803061087
803097184
803098879
803151802
803163655
803183446
803676902
803819716
803828574
803909057
803990544
804087846
804148543
804187646
804232195
804480461
804670898
804810531
804818777
804847048
804884320
804905116
804933989
805034782
805083525
805087744
805101575
805193817
805231352
805370884
805418145
805424349
805451485
805493845
805568967
805708320
805808754
805958681
806050864
806333265
806442926
806488052
806510861
806541910
806679662
806711621
806923848
806956312
807128833
807143956
807153497
807167742
807326357
807473273
807540693
807560182
807574124
807644241
807733824
807787528
808004460
808098870
808340873
808444528
808875674
808981706
809223156
809510186
809847764
810087841
810119678
810215163
810239294
810390574
810506494
810540232
810617016
810652790
810679494
810739783
810785279
810853645
811138331
811192616
811565208
811739272
811944869
812129382
812277570
812285397
812622980
812691290
812798805
812943626
812962290
813121309
813297083
813384817
813504140
813532034
813923219
814061566
814069507
814090681
814226296
814347839
814497882
814652540
814983306
815140635
815196116
815337600
815610816
815751455
816271265
816443449
816486274
816547909
816615389
816890649
816910631
816977001
816998938
817040340
817099323
817152560
817220895
817224304
817269292
817316351
817397055
817399430
817490849
817493662
817562377
817576838
817809138
817825021
817838436
818100740
818327773
818421165
818490961
818607720
818716244
818867239
818879066
818950826
819041455
819047064
819090274
819103965
819414552
819426027
819651478
819675314
819690267
819784484
819789448
819846326
820105366
820141027
820339401
820613209
820793513
820801284
820900128
820943741
821216148
821311971
821373752
821415128
821490658
821544590
821589177
821617006
821689711
822108527
822158179
822241158
822340957
822509761
822534922
822707055
822716025
822915426
822931948
822970137
822996218
823134116
823247774
823313091
823375621
823468084
823527186
823527615
823594453
823749808
824093557
824184545
824312992
824327666
824350582
824439995
824453681
824601033
824696677
824812770
824889960
825174508
825180264
825224810
825300196
825405856
825587014
825606058
825730705
825805029
825925228
825967450
826084125
826188599
826350477
826437181
826461419
826483808
826547159
826547379
826606527
826630487
826875542
826879539
827005117
827059117
827156175
827217158
827262635
827356289
827379262
827525984
827531108
827832944
827906494
827931183
828079851
828212559
828219620
828410002
828451185
828610001
828742030
828796596
828824304
828955548
828993003
829564330
829572135
829591645
829682993
829683746
830109722
830294269
830392042
830425774
830494370
830569156
830596471
830608370
830645017
830666338
830698327
830783159
830809020
830832851
830886921
830947667
831122429
831123839
831308850
831441498
831723126
831733600
831886358
831934194
832063016
832273391
832476281
832482913
832528399
832748051
832785096
832789723
833330372
833557976
833613807
833747701
833821764
833873822
834296549
834316658
834422155
834490909
834635133
835092348
835155210
835159164
835221561
835310180
835462543
835543489
835625530
835661536
835740377
835765475
835779949
836125090
836268657
836385073
836410601
836756951
836774042
836852197
836958741
836980793
837075276
837086824
837148938
837220052
837325502
837364706
837429582
837543806
837631074
837977365
837981715
837985354
838073060
838158337
838272762
838411656
838427174
838455823
838551882
838706332
838741891
838998955
838999895
839286437
839357692
839433848
839461036
839526572
839574934
839741911
839849106
839874824
840029036
840058698
840134999
840186821
840608066
840710049
840808610
840810591
840845349
840940502
841067006
841131340
841208003
841220501
841323007
841353196
841503178
841510110
841523376
841560304
841580895
841654971
841860980
841962245
842194095
842299709
842365085
842439499
842453446
842525525
842553324
842604059
842678458
842728794
842738313
842783147
842938395
842959921
842990618
843192987
843405085
843552850
843842274
844025674
844170130
844236636
844410002
844778052
844839729
845009887
845112828
845137606
845240242
845272463
845400700
845420675
845421438
845542349
845647333
845729826
845795081
845866527
846056700
846247547
846335225
846518580
846559770
846592954
846695629
847004854
847145907
847340969
847739684
847785776
848056412
848373055
848494075
848566661
848815349
848915794
848935586
849051405
849152518
849201814
849352503
849432367
849654603
849719967
849775699
849986156
850108799
850198737
850229331
850450808
850592032
850627793
850697382
850697579
850934634
850935543
851029243
851187948
851367829
851584663
851768519
851776538
851828105
851839341
851869036
851873544
852002604
852021702
852152791
852313459
852364044
852730936
852759591
852779180
852836678
852849249
852867999
853031095
853235344
853260132
853260941
853276802
853317958
853424011
853431598
854175413
854210218
854371260
854390522
854430003
854595899
854624028
854777680
855031176
855065903
855366831
855730714
855762899
856063124
856136358
856147093
856316074
856362493
856476072
857001171
857034992
857112371
857213202
857334691
857391641
857453941
857457332
857470495
857566193
857581557
857717724
857788539
857833294
857915134
857928969
857991581
858042806
858226172
858507893
858700182
858725594
858733816
858788605
858870564
858894274
859125491
859152529
859209223
859228812
859235835
859253286
859332166
859495918
859504249
859615764
859663673
859688835
859947357
860120806
860129647
860177467
860178570
860191721
860214160
860502099
860566214
860588016
860611257
860618140
860703639
860943720
860960978
860972003
861138140
861159817
861392467
861413261
861451159
861774281
861936355
861964035
862011974
862054684
862201394
862205992
862225138
862749110
862787528
862792126
862854189
862889395
863050255
863121315
863161782
863162793
863246867
863251459
863330617
863729063
863811069
863997203
864058334
864068707
864092482
864329071
864401104
864449727
864730489
864759464
864762049
864782846
864821364
864862849
864923451
865122259
865165985
865361394
865403143
865448818
865585391
865663829
865683406
865716289
865943241
865983869
866002607
866041643
866045293
866162713
866199674
866302567
866412977
866577753
866639357
866752115
866842074
867135116
867163086
867256519
867359198
867405920
867437172
867547815
867670221
867951482
868055245
868232835
868360664
868695246
868780073
868957642
869021489
869181473
869307512
869461228
869467195
869470253
869655077
869750489
869756573
870217132
870300537
870374243
870614481
870631427
870641119
870678295
870708128
870826203
870910238
870926630
871017462
871056901
871153109
871153577
871170078
871458102
871673885
871715566
871888401
871925124
871951760
871961858
872001081
872104677
872120137
872193758
872289119
872303640
872425951
872439033
872554171
872615265
872766011
872911772
872995166
873016349
873296439
873652334
873667317
873717352
874003564
874034974
874325510
874361631
874540221
874593964
874616807
874628290
874678443
874848787
874861573
875001605
875221437
875276113
875387531
875492178
875532033
875536656
875547495
875629452
875630371
876099173
876261507
876285309
876294820
876357723
876395278
876814164
876835474
876867409
876872796
876957561
877029767
877276751
877277951
877282348
877314384
877383267
877476715
877528381
877605253
877814587
878140731
878241887
878249981
878436032
878636976
878681937
878685994
878791110
878804447
878814190
878814656
878852496
879205732
879215368
879306118
879315294
879322820
879406840
879553609
879560457
880086677
880134106
880246222
880389078
880451478
880558499
880619784
880622615
880650868
880674362
880847381
880877877
880929925
881024779
881222528
881305214
881369850
881429407
881593288
881600787
881664669
881678832
881826118
882033259
882052037
882383417
882469264
882686668
882735784
882773113
882828266
882912149
882916683
883148918
883269676
883289119
883400564
883416742
883583649
883798010
883915521
883923887
884323194
884642122
884661160
884693666
884738912
884807000
884954213
884964206
884979774
885183189
885186757
885226639
885303666
885358942
885448193
885500290
885556363
885586214
885809672
885848393
886172863
886209307
886327551
886355122
886361074
886510526
886532192
886561297
886670753
886958671
887206412
887238161
887268800
887317539
887340477
887392511
887820145
888022424
888303362
888375785
888493096
888493158
888684379
888891606
888932568
889242832
889259329
889278650
889502385
889808643
889821439
890039084
890040305
890247444
890622539
890652531
890658756
890673752
890699719
890813087
890818394
890856227
890931516
890933837
891141408
891242041
891250552
891405441
891543353
891625199
891698643
891751451
891766146
891803457
891828380
891944476
891984464
892028280
892401683
892437616
892478117
892500263
892851506
892918596
893560234
893626709
893640510
893666703
893672800
893691619
893711678
893787705
893926247
893975800
894051633
894139492
894255220
894275385
894314050
894344907
894501205
894571408
894641250
894726217
894762891
894989299
895081029
895129586
895472752
895567928
895615404
895797288
895852067
895875882
895905117
895920729
895990812
896044523
896180724
896417678
896429816
896444572
896603498
896740106
896779658
897088648
897147348
897217063
897530868
897580736
897659465
897672973
898043520
898126556
898191848
898298038
898346175
898677663
898702841
898843963
898958661
899000157
899027151
899071133
899134028
899439455
899516325
899542697
899595456
899923757
900176150
900329425
900583352
900593754
900640537
900660736
900664998
900709848
900795951
900922571
900977979
900984233
901168173
901181141
901329049
901436984
901446248
901485949
901577266
901611310
901739483
902032957
902088681
902175608
902388157
902390001
902464387
902739682
902877596
902992997
903053638
903287330
903295467
903322373
903723129
903831586
903901475
904112245
904172163
904182129
904224766
904483712
904506211
904516491
904519638
904647386
904824009
904899017
904949858
905019629
905218102
905274304
905350618
905558054
905766977
905874929
905914413
906032530
906296719
906697862
906801127
906818899
906840265
906971005
907141882
907232377
907625516
907699825
907716098
907805658
907960980
907986382
908041730
908118097
908317918
908395456
908467763
908795295
908851000
909069805
909192704
909243122
909290844
909599074
909692893
910158953
910202575
910206534
910224419
910547568
910588849
910608861
910655588
910683143
910733788
910787051
910859592
910966269
911059657
911099755
911278834
911373827
911406454
911441619
911485205
911486510
911506326
911606450
911686515
911804866
912419026
912555221
912607231
912613179
912652750
912673135
913049534
913085894
913276795
913532959
913832245
913902582
913913342
913926144
914055535
914213831
914232299
914286986
914359848
914430179
914603610
914646727
914673771
914731675
914819464
914975742
915077496
915080531
915313095
915486170
915617792
915635031
915657914
915667183
915822633
915827072
915983864
915993723
916017094
916234624
916335631
916349259
916369905
916438006
916450808
916533813
916585771
916638230
916652390
916667940
916679529
916869104
917314388
917358439
917470906
917884171
917884545
917904805
918396706
918418802
918466578
918601146
918942667
918956902
919006063
919013896
919247672
919255938
919517314
919573700
919625751
919661322
919674086
919772076
919815038
919836196
920233227
920290320
920494419
920544679
920805423
920819761
920821627
920988900
921358763
921381398
921679795
921707803
922035910
922156627
922241878
922359941
922436991
922476108
922844667
922956100
923208059
923357466
923498251
923520322
923646451
923715268
923717449
923831111
923872217
923910749
924105946
924106358
924411255
924691764
924704872
924705834
924713135
924842735
924851838
924959943
925169155
925250949
925281765
925374045
925391277
925424169
925524247
925779202
925914105
925966316
926069778
926218311
926421032
926440360
926562379
926579529
926660429
926678740
926831260
926917120
926950958
927004729
927095162
927101466
927118856
927121273
927169737
927190226
927514176
927516862
927667788
927727477
927778336
928140431
928209571
928402418
928415963
928554348
928560586
928890686
929058667
929272488
929661182
929699497
929769804
929807035
929841048
929890521
929957677
930136436
930261418
930339432
930520308
930529531
930563721
930672047
930779097
930787393
930914733
931118057
931201406
931231011
931264536
931448319
931675780
931871764
931891017
931960892
932045226
932094042
932250739
932282109
932554657
932644219
932689151
932703669
932890591
933005114
933055415
933093935
933316045
933329007
933392259
933417243
934104521
934130298
934355235
934437209
934562757
934891508
935050358
935088442
935105430
935149865
935170367
935280818
935388298
935408315
935470278
935515909
935576673
935646474
935797135
935923707
936002563
936139969
936143762
936247856
936294820
936496660
936506357
936585501
936624748
936908082
936975319
937019163
937037879
937073478
937159411
937207403
937210076
937376341
937387346
937487578
937517344
937522980
937617144
937627713
937695743
937717501
937764941
937783962
937903446
937925250
937994045
938014808
938186651
938271855
938319639
938362572
938372628
938725851
938815291
939055676
939092698
939139174
939528795
939587690
939681371
939750712
939799107
940000346
940112235
940269003
940298569
940351606
940437410
940643018
940764160
940774930
940913296
940956120
941050961
941100006
941166821
941168588
941226483
941247408
941258667
941281815
941391236
941437177
941530984
941611214
941660532
941727373
941896159
941953134
941973053
942025477
942039242
942398986
942518681
942616404
942715986
942718327
942903164
943029828
943121194
943211669
943228973
943231249
943243271
943561263
943616205
943836976
944017433
944028709
944185461
944280454
944298843
944403755
944409069
944466196
944863567
945004131
945038843
945056824
945063405
945188216
945628136
945633382
945816659
946114497
946277316
946305910
946316709
946328573
946353642
946500677
946632425
946712186
946777733
946778050
946988014
947024443
947046452
947265960
947325120
947453098
947468812
947547836
947619735
947754370
947855864
948060285
948080211
948122898
948190990
948351848
948448247
948451356
948543083
948559282
948592957
948717604
948825506
948830519
948871595
948890486
949058274
949156238
949177927
949434475
949467852
949470385
949474993
949492224
949589434
949643399
949687155
949711051
949850720
949882957
949972489
950008596
950194407
950400998
950452866
950483554
950497759
950507007
950521443
950624711
950677147
950709947
950714616
950776368
950941683
951003499
951039437
951348738
951358901
951362623
951437927
951476195
951487598
951581484
951717672
951774471
951856737
951934342
951969016
952064599
952079912
952095937
952172556
952193389
952306334
952323343
952414004
952534045
952824097
952830247
952914360
953064171
953551366
953605984
953662636
953677930
953734638
953837363
953886271
953911782
954032777
954048560
954283637
954552664
954632054
954645457
954811350
954965043
955053683
955155237
955280194
955396892
955625551
955687121
955707343
955856579
955887260
956010930
956082016
956365872
956461614
956494352
956541198
956591812
956637997
956670781
956732320
956893450
956982931
957051890
957057964
957139174
957282526
957577290
957653401
957736567
957898630
958014993
958164424
958200673
958221070
958258860
958341325
958369714
958726565
958779655
958789344
958808674
959020486
959027280
959053807
959153574
959346708
959355717
959360170
959377945
959515118
959624066
959653840
959708530
959754824
959771535
959873709
959919341
960072612
960128546
960512991
960630263
960792908
960819146
960921398
960949693
961061136
961137704
961147132
961250699
961285914
961352698
961359174
961387121
961424767
961426970
961435041
961635729
961803913
961822518
962003983
962268330
962522556
962914629
963112576
963114892
963120845
963135324
963341880
963353920
963451717
963581970
963608591
963710744
963769290
963915323
964030234
964070526
964251119
964268287
964268909
964295891
964303945
964339745
964407164
964537805
964678108
964741904
965361112
965412296
965430585
965445125
965458998
965495608
965539694
965591003
965851128
966309944
966321355
966322566
966389126
966402908
966607812
966658362
966699906
966734579
966858256
966870721
966916757
966991257
967089181
967093500
967402021
967524901
967570435
967865122
967939189
968015749
968168225
968438029
968526049
968711289
968784007
968825136
968837985
968894924
969087010
969318596
969598580
969623768
969759007
970111339
970191637
970292217
970316328
970340569
970351060
970426378
970441865
970472407
970571152
970679631
970734645
970768389
970800369
970801109
971030080
971048897
971249753
971299420
971366259
971468517
971475317
971793477
971897014
971909098
971990775
972007764
972051761
972152314
972258873
972332068
972417443
972573802
972580130
972584323
972617066
972779524
972906509
972922519
973002801
973274660
973289081
973355206
973631329
973690861
973808204
974081934
974083569
974236459
974256974
974333503
974414915
974472305
974559444
974642680
974726854
974802191
975184332
975297078
975423022
975510062
975578603
975587722
975944525
976139707
976170759
976488226
976507606
976531078
976730253
976785180
976804341
976928904
976940227
976990838
977010131
977013514
977080993
977098240
977123948
977136679
977175166
977354548
977372362
977381066
977389930
977398610
977635800
977745429
977921599
977986584
978014801
978089932
978101882
978112768
978200803
978272310
978667932
978708454
978831706
978871841
978882879
978934709
979050599
979382376
979466098
979585472
979615323
979658588
979910958
980150407
980150919
980458123
980474307
980480622
980998898
981093754
981103077
981120859
981197137
981288698
981445212
981504969
981505292
981614648
981660894
981660973
981687341
981715323
982000735
982010513
982402651
982662927
982676433
982789223
982808584
982920396
983186037
983426855
983531146
983585883
983759565
983794993
983854552
984031803
984068663
984220983
984243273
984284517
984464361
984529023
984578058
984581810
984695774
984768891
984850421
984957380
984960938
985039893
985115415
985388379
985391282
985467725
985539446
985628464
985718758
985720704
985759021
985896851
985927609
985980469
986000674
986040767
986052219
986063892
986201208
986313402
986327055
986353899
986637359
986765853
986824658
987094942
987226746
987296260
987444893
987475114
987566358
987662513
987819942
987906141
988009809
988013506
988020077
988036613
988061059
988114851
988122490
988130853
988220099
988504495
988909543
988961240
988981816
989056057
989081465
989147636
989362746
989560604
989601822
989618592
989643192
989682295
989716299
989810163
989837620
989853648
990040008
990301928
990348110
990424271
990557349
990634422
990642878
990654722
990671680
990929845
991029745
991074632
991078573
991205022
991235092
991246487
991312474
991733123
992106113
992121532
992253232
992302548
992350232
992353219
992407975
992436656
992491692
992541707
992740503
992918879
993154591
993269154
993580441
993589907
993723776
993758219
993955067
993974370
994075934
994239507
994302662
994574683
994743208
994796025
994863229
994987941
995327249
995383038
995508037
995579421
995623529
996037878
996081292
996102935
996206116
996406689
996556226
996566795
996568254
996739080
996784235
996981340
997058688
997129499
997148488
997164282
997809475
997841910
997937090
998041018
998295722
998331172
998641666
998668375
999290952
999326607
999336556
999420673
999678142
999707295
999740248
999975653
