10000
999975653
999740248
999707295
999678142
999420673
999336556
999326607
999290952
998668375
998641666
998331172
998295722
998041018
997937090
997841910
997809475
997164282
997148488
997129499
997058688
996981340
996784235
996739080
996568254
996566795
996556226
996406689
996206116
996102935
996081292
996037878
995623529
995579421
995508037
995383038
995327249
994987941
994863229
994796025
994743208
994574683
994302662
994239507
994075934
993974370
993955067
993758219
993723776
993589907
993580441
993269154
993154591
992918879
992740503
992541707
992491692
992436656
992407975
992353219
992350232
992302548
992253232
992121532
992106113
991733123
991312474
991246487
991235092
991205022
991078573
991074632
991029745
990929845
990671680
990654722
990642878
990634422
990557349
990424271
990348110
990301928
990040008
989853648
989837620
989810163
989716299
989682295
989643192
989618592
989601822
989560604
989362746
989147636
989081465
989056057
988981816
988961240
988909543
988504495
988220099
988130853
988122490
988114851
988061059
988036613
988020077
988013506
988009809
987906141
987819942
987662513
987566358
987475114
987444893
987296260
987226746
987094942
986824658
986765853
986637359
986353899
986327055
986313402
986201208
986063892
986052219
986040767
986000674
985980469
985927609
985896851
985759021
985720704
985718758
985628464
985539446
985467725
985391282
985388379
985115415
985039893
984960938
984957380
984850421
984768891
984695774
984581810
984578058
984529023
984464361
984284517
984243273
984220983
984068663
984031803
983854552
983794993
983759565
983585883
983531146
983426855
983186037
982920396
982808584
982789223
982676433
982662927
982402651
982010513
982000735
981715323
981687341
981660973
981660894
981614648
981505292
981504969
981445212
981288698
981197137
981120859
981103077
981093754
980998898
980480622
980474307
980458123
980150919
980150407
979910958
979658588
979615323
979585472
979466098
979382376
979050599
978934709
978882879
978871841
978831706
978708454
978667932
978272310
978200803
978112768
978101882
978089932
978014801
977986584
977921599
977745429
977635800
977398610
977389930
977381066
977372362
977354548
977175166
977136679
977123948
977098240
977080993
977013514
977010131
976990838
976940227
976928904
976804341
976785180
976730253
976531078
976507606
976488226
976170759
976139707
975944525
975587722
975578603
975510062
975423022
975297078
975184332
974802191
974726854
974642680
974559444
974472305
974414915
974333503
974256974
974236459
974083569
974081934
973808204
973690861
973631329
973355206
973289081
973274660
973002801
972922519
972906509
972779524
972617066
972584323
972580130
972573802
972417443
972332068
972258873
972152314
972051761
972007764
971990775
971909098
971897014
971793477
971475317
971468517
971366259
971299420
971249753
971048897
971030080
970801109
970800369
970768389
970734645
970679631
970571152
970472407
970441865
970426378
970351060
970340569
970316328
970292217
970191637
970111339
969759007
969623768
969598580
969318596
969087010
968894924
968837985
968825136
968784007
968711289
968526049
968438029
968168225
968015749
967939189
967865122
967570435
967524901
967402021
967093500
967089181
966991257
966916757
966870721
966858256
966734579
966699906
966658362
966607812
966402908
966389126
966322566
966321355
966309944
965851128
965591003
965539694
965495608
965458998
965445125
965430585
965412296
965361112
964741904
964678108
964537805
964407164
964339745
964303945
964295891
964268909
964268287
964251119
964070526
964030234
963915323
963769290
963710744
963608591
963581970
963451717
963353920
963341880
963135324
963120845
963114892
963112576
962914629
962522556
962268330
962003983
961822518
961803913
961635729
961435041
961426970
961424767
961387121
961359174
961352698
961285914
961250699
961147132
961137704
961061136
960949693
960921398
960819146
960792908
960630263
960512991
960128546
960072612
959919341
959873709
959771535
959754824
959708530
959653840
959624066
959515118
959377945
959360170
959355717
959346708
959153574
959053807
959027280
959020486
958808674
958789344
958779655
958726565
958369714
958341325
958258860
958221070
958200673
958164424
958014993
957898630
957736567
957653401
957577290
957282526
957139174
957057964
957051890
956982931
956893450
956732320
956670781
956637997
956591812
956541198
956494352
956461614
956365872
956082016
956010930
955887260
955856579
955707343
955687121
955625551
955396892
955280194
955155237
955053683
954965043
954811350
954645457
954632054
954552664
954283637
954048560
954032777
953911782
953886271
953837363
953734638
953677930
953662636
953605984
953551366
953064171
952914360
952830247
952824097
952534045
952414004
952323343
952306334
952193389
952172556
952095937
952079912
952064599
951969016
951934342
951856737
951774471
951717672
951581484
951487598
951476195
951437927
951362623
951358901
951348738
951039437
951003499
950941683
950776368
950714616
950709947
950677147
950624711
950521443
950507007
950497759
950483554
950452866
950400998
950194407
950008596
949972489
949882957
949850720
949711051
949687155
949643399
949589434
949492224
949474993
949470385
949467852
949434475
949177927
949156238
949058274
948890486
948871595
948830519
948825506
948717604
948592957
948559282
948543083
948451356
948448247
948351848
948190990
948122898
948080211
948060285
947855864
947754370
947619735
947547836
947468812
947453098
947325120
947265960
947046452
947024443
946988014
946778050
946777733
946712186
946632425
946500677
946353642
946328573
946316709
946305910
946277316
946114497
945816659
945633382
945628136
945188216
945063405
945056824
945038843
945004131
944863567
944466196
944409069
944403755
944298843
944280454
944185461
944028709
944017433
943836976
943616205
943561263
943243271
943231249
943228973
943211669
943121194
943029828
942903164
942718327
942715986
942616404
942518681
942398986
942039242
942025477
941973053
941953134
941896159
941727373
941660532
941611214
941530984
941437177
941391236
941281815
941258667
941247408
941226483
941168588
941166821
941100006
941050961
940956120
940913296
940774930
940764160
940643018
940437410
940351606
940298569
940269003
940112235
940000346
939799107
939750712
939681371
939587690
939528795
939139174
939092698
939055676
938815291
938725851
938372628
938362572
938319639
938271855
938186651
938014808
937994045
937925250
937903446
937783962
937764941
937717501
937695743
937627713
937617144
937522980
937517344
937487578
937387346
937376341
937210076
937207403
937159411
937073478
937037879
937019163
936975319
936908082
936624748
936585501
936506357
936496660
936294820
936247856
936143762
936139969
936002563
935923707
935797135
935646474
935576673
935515909
935470278
935408315
935388298
935280818
935170367
935149865
935105430
935088442
935050358
934891508
934562757
934437209
934355235
934130298
934104521
933417243
933392259
933329007
933316045
933093935
933055415
933005114
932890591
932703669
932689151
932644219
932554657
932282109
932250739
932094042
932045226
931960892
931891017
931871764
931675780
931448319
931264536
931231011
931201406
931118057
930914733
930787393
930779097
930672047
930563721
930529531
930520308
930339432
930261418
930136436
929957677
929890521
929841048
929807035
929769804
929699497
929661182
929272488
929058667
928890686
928560586
928554348
928415963
928402418
928209571
928140431
927778336
927727477
927667788
927516862
927514176
927190226
927169737
927121273
927118856
927101466
927095162
927004729
926950958
926917120
926831260
926678740
926660429
926579529
926562379
926440360
926421032
926218311
926069778
925966316
925914105
925779202
925524247
925424169
925391277
925374045
925281765
925250949
925169155
924959943
924851838
924842735
924713135
924705834
924704872
924691764
924411255
924106358
924105946
923910749
923872217
923831111
923717449
923715268
923646451
923520322
923498251
923357466
923208059
922956100
922844667
922476108
922436991
922359941
922241878
922156627
922035910
921707803
921679795
921381398
921358763
920988900
920821627
920819761
920805423
920544679
920494419
920290320
920233227
919836196
919815038
919772076
919674086
919661322
919625751
919573700
919517314
919255938
919247672
919013896
919006063
918956902
918942667
918601146
918466578
918418802
918396706
917904805
917884545
917884171
917470906
917358439
917314388
916869104
916679529
916667940
916652390
916638230
916585771
916533813
916450808
916438006
916369905
916349259
916335631
916234624
916017094
915993723
915983864
915827072
915822633
915667183
915657914
915635031
915617792
915486170
915313095
915080531
915077496
914975742
914819464
914731675
914673771
914646727
914603610
914430179
914359848
914286986
914232299
914213831
914055535
913926144
913913342
913902582
913832245
913532959
913276795
913085894
913049534
912673135
912652750
912613179
912607231
912555221
912419026
911804866
911686515
911606450
911506326
911486510
911485205
911441619
911406454
911373827
911278834
911099755
911059657
910966269
910859592
910787051
910733788
910683143
910655588
910608861
910588849
910547568
910224419
910206534
910202575
910158953
909692893
909599074
909290844
909243122
909192704
909069805
908851000
908795295
908467763
908395456
908317918
908118097
908041730
907986382
907960980
907805658
907716098
907699825
907625516
907232377
907141882
906971005
906840265
906818899
906801127
906697862
906296719
906032530
905914413
905874929
905766977
905558054
905350618
905274304
905218102
905019629
904949858
904899017
904824009
904647386
904519638
904516491
904506211
904483712
904224766
904182129
904172163
904112245
903901475
903831586
903723129
903322373
903295467
903287330
903053638
902992997
902877596
902739682
902464387
902390001
902388157
902175608
902088681
902032957
901739483
901611310
901577266
901485949
901446248
901436984
901329049
901181141
901168173
900984233
900977979
900922571
900795951
900709848
900664998
900660736
900640537
900593754
900583352
900329425
900176150
899923757
899595456
899542697
899516325
899439455
899134028
899071133
899027151
899000157
898958661
898843963
898702841
898677663
898346175
898298038
898191848
898126556
898043520
897672973
897659465
897580736
897530868
897217063
897147348
897088648
896779658
896740106
896603498
896444572
896429816
896417678
896180724
896044523
895990812
895920729
895905117
895875882
895852067
895797288
895615404
895567928
895472752
895129586
895081029
894989299
894762891
894726217
894641250
894571408
894501205
894344907
894314050
894275385
894255220
894139492
894051633
893975800
893926247
893787705
893711678
893691619
893672800
893666703
893640510
893626709
893560234
892918596
892851506
892500263
892478117
892437616
892401683
892028280
891984464
891944476
891828380
891803457
891766146
891751451
891698643
891625199
891543353
891405441
891250552
891242041
891141408
890933837
890931516
890856227
890818394
890813087
890699719
890673752
890658756
890652531
890622539
890247444
890040305
890039084
889821439
889808643
889502385
889278650
889259329
889242832
888932568
888891606
888684379
888493158
888493096
888375785
888303362
888022424
887820145
887392511
887340477
887317539
887268800
887238161
887206412
886958671
886670753
886561297
886532192
886510526
886361074
886355122
886327551
886209307
886172863
885848393
885809672
885586214
885556363
885500290
885448193
885358942
885303666
885226639
885186757
885183189
884979774
884964206
884954213
884807000
884738912
884693666
884661160
884642122
884323194
883923887
883915521
883798010
883583649
883416742
883400564
883289119
883269676
883148918
882916683
882912149
882828266
882773113
882735784
882686668
882469264
882383417
882052037
882033259
881826118
881678832
881664669
881600787
881593288
881429407
881369850
881305214
881222528
881024779
880929925
880877877
880847381
880674362
880650868
880622615
880619784
880558499
880451478
880389078
880246222
880134106
880086677
879560457
879553609
879406840
879322820
879315294
879306118
879215368
879205732
878852496
878814656
878814190
878804447
878791110
878685994
878681937
878636976
878436032
878249981
878241887
878140731
877814587
877605253
877528381
877476715
877383267
877314384
877282348
877277951
877276751
877029767
876957561
876872796
876867409
876835474
876814164
876395278
876357723
876294820
876285309
876261507
876099173
875630371
875629452
875547495
875536656
875532033
875492178
875387531
875276113
875221437
875001605
874861573
874848787
874678443
874628290
874616807
874593964
874540221
874361631
874325510
874034974
874003564
873717352
873667317
873652334
873296439
873016349
872995166
872911772
872766011
872615265
872554171
872439033
872425951
872303640
872289119
872193758
872120137
872104677
872001081
871961858
871951760
871925124
871888401
871715566
871673885
871458102
871170078
871153577
871153109
871056901
871017462
870926630
870910238
870826203
870708128
870678295
870641119
870631427
870614481
870374243
870300537
870217132
869756573
869750489
869655077
869470253
869467195
869461228
869307512
869181473
869021489
868957642
868780073
868695246
868360664
868232835
868055245
867951482
867670221
867547815
867437172
867405920
867359198
867256519
867163086
867135116
866842074
866752115
866639357
866577753
866412977
866302567
866199674
866162713
866045293
866041643
866002607
865983869
865943241
865716289
865683406
865663829
865585391
865448818
865403143
865361394
865165985
865122259
864923451
864862849
864821364
864782846
864762049
864759464
864730489
864449727
864401104
864329071
864092482
864068707
864058334
863997203
863811069
863729063
863330617
863251459
863246867
863162793
863161782
863121315
863050255
862889395
862854189
862792126
862787528
862749110
862225138
862205992
862201394
862054684
862011974
861964035
861936355
861774281
861451159
861413261
861392467
861159817
861138140
860972003
860960978
860943720
860703639
860618140
860611257
860588016
860566214
860502099
860214160
860191721
860178570
860177467
860129647
860120806
859947357
859688835
859663673
859615764
859504249
859495918
859332166
859253286
859235835
859228812
859209223
859152529
859125491
858894274
858870564
858788605
858733816
858725594
858700182
858507893
858226172
858042806
857991581
857928969
857915134
857833294
857788539
857717724
857581557
857566193
857470495
857457332
857453941
857391641
857334691
857213202
857112371
857034992
857001171
856476072
856362493
856316074
856147093
856136358
856063124
855762899
855730714
855366831
855065903
855031176
854777680
854624028
854595899
854430003
854390522
854371260
854210218
854175413
853431598
853424011
853317958
853276802
853260941
853260132
853235344
853031095
852867999
852849249
852836678
852779180
852759591
852730936
852364044
852313459
852152791
852021702
852002604
851873544
851869036
851839341
851828105
851776538
851768519
851584663
851367829
851187948
851029243
850935543
850934634
850697579
850697382
850627793
850592032
850450808
850229331
850198737
850108799
849986156
849775699
849719967
849654603
849432367
849352503
849201814
849152518
849051405
848935586
848915794
848815349
848566661
848494075
848373055
848056412
847785776
847739684
847340969
847145907
847004854
846695629
846592954
846559770
846518580
846335225
846247547
846056700
845866527
845795081
845729826
845647333
845542349
845421438
845420675
845400700
845272463
845240242
845137606
845112828
845009887
844839729
844778052
844410002
844236636
844170130
844025674
843842274
843552850
843405085
843192987
842990618
842959921
842938395
842783147
842738313
842728794
842678458
842604059
842553324
842525525
842453446
842439499
842365085
842299709
842194095
841962245
841860980
841654971
841580895
841560304
841523376
841510110
841503178
841353196
841323007
841220501
841208003
841131340
841067006
840940502
840845349
840810591
840808610
840710049
840608066
840186821
840134999
840058698
840029036
839874824
839849106
839741911
839574934
839526572
839461036
839433848
839357692
839286437
838999895
838998955
838741891
838706332
838551882
838455823
838427174
838411656
838272762
838158337
838073060
837985354
837981715
837977365
837631074
837543806
837429582
837364706
837325502
837220052
837148938
837086824
837075276
836980793
836958741
836852197
836774042
836756951
836410601
836385073
836268657
836125090
835779949
835765475
835740377
835661536
835625530
835543489
835462543
835310180
835221561
835159164
835155210
835092348
834635133
834490909
834422155
834316658
834296549
833873822
833821764
833747701
833613807
833557976
833330372
832789723
832785096
832748051
832528399
832482913
832476281
832273391
832063016
831934194
831886358
831733600
831723126
831441498
831308850
831123839
831122429
830947667
830886921
830832851
830809020
830783159
830698327
830666338
830645017
830608370
830596471
830569156
830494370
830425774
830392042
830294269
830109722
829683746
829682993
829591645
829572135
829564330
828993003
828955548
828824304
828796596
828742030
828610001
828451185
828410002
828219620
828212559
828079851
827931183
827906494
827832944
827531108
827525984
827379262
827356289
827262635
827217158
827156175
827059117
827005117
826879539
826875542
826630487
826606527
826547379
826547159
826483808
826461419
826437181
826350477
826188599
826084125
825967450
825925228
825805029
825730705
825606058
825587014
825405856
825300196
825224810
825180264
825174508
824889960
824812770
824696677
824601033
824453681
824439995
824350582
824327666
824312992
824184545
824093557
823749808
823594453
823527615
823527186
823468084
823375621
823313091
823247774
823134116
822996218
822970137
822931948
822915426
822716025
822707055
822534922
822509761
822340957
822241158
822158179
822108527
821689711
821617006
821589177
821544590
821490658
821415128
821373752
821311971
821216148
820943741
820900128
820801284
820793513
820613209
820339401
820141027
820105366
819846326
819789448
819784484
819690267
819675314
819651478
819426027
819414552
819103965
819090274
819047064
819041455
818950826
818879066
818867239
818716244
818607720
818490961
818421165
818327773
818100740
817838436
817825021
817809138
817576838
817562377
817493662
817490849
817399430
817397055
817316351
817269292
817224304
817220895
817152560
817099323
817040340
816998938
816977001
816910631
816890649
816615389
816547909
816486274
816443449
816271265
815751455
815610816
815337600
815196116
815140635
814983306
814652540
814497882
814347839
814226296
814090681
814069507
814061566
813923219
813532034
813504140
813384817
813297083
813121309
812962290
812943626
812798805
812691290
812622980
812285397
812277570
812129382
811944869
811739272
811565208
811192616
811138331
810853645
810785279
810739783
810679494
810652790
810617016
810540232
810506494
810390574
810239294
810215163
810119678
810087841
809847764
809510186
809223156
808981706
808875674
808444528
808340873
808098870
808004460
807787528
807733824
807644241
807574124
807560182
807540693
807473273
807326357
807167742
807153497
807143956
807128833
806956312
806923848
806711621
806679662
806541910
806510861
806488052
806442926
806333265
806050864
805958681
805808754
805708320
805568967
805493845
805451485
805424349
805418145
805370884
805231352
805193817
805101575
805087744
805083525
805034782
804933989
804905116
804884320
804847048
804818777
804810531
804670898
804480461
804232195
804187646
804148543
804087846
803990544
803909057
803828574
803819716
803676902
803183446
803163655
803151802
803098879
803097184
803061087
802925720
802830344
802689732
802681632
802475219
802429291
802309716
802303678
802183685
801814895
801724968
801588106
801559843
801552965
801281880
801260807
800976160
800884135
800870823
800843313
800705189
800657450
800635825
800623179
800618463
800539203
800517046
800483098
800143404
800141108
800128408
800122453
799914245
799903789
799825219
799799190
799780775
799728145
799206747
799189666
799159508
799143194
799016522
798945775
798862088
798731873
798660778
798615317
798608615
798254583
798079809
797824119
797774529
797396536
797277800
797192751
797054201
796932514
796908052
796818130
796787902
796657079
796641046
796370799
796173951
796067764
795975007
795941517
795894498
795833999
795791048
795765068
795745549
795634615
795587155
795448131
795319920
795042179
794916115
794852431
794849084
794745172
794687742
794621235
794488632
794281306
794206756
793991176
793487439
793456907
793228533
793125084
793053899
793037393
792855841
792742909
792642336
792453064
792428782
792272798
792201166
792080235
792037174
791807803
791799503
791785345
791729158
791530894
791382050
791249251
791242225
791190859
791157525
791100722
790918218
790888026
790751904
790745647
790732401
790409879
790246786
790215013
790132432
790036393
789988218
789975524
789836269
789811275
789714812
789611872
789572696
789369471
789271800
789121542
789118428
789090522
789075677
789013845
788847055
788836848
788809050
788733010
788346942
788057713
787949784
787734713
787718331
787641211
787640884
787556924
787491511
787362749
787262805
787189885
787168857
787100429
787073433
786866548
786583669
786511538
786455224
786221372
786169515
786062210
786011809
785911337
785788766
785631032
785482004
785406735
785338957
785192365
785115634
784869342
784661153
784606294
784421675
784417899
784415479
784398673
784280767
784222533
783965364
783852892
783802448
783783698
783727687
783704839
783698246
783549002
783452735
783433348
783427344
783375027
783348989
783306133
783084408
782903910
782895740
782836836
782634052
782600260
782529328
782522600
782510741
782482437
782410889
782380243
782161612
782146605
781924512
781708841
781477702
781449241
781398382
781267949
781018635
781015615
780878444
780857618
780856533
780842432
780431603
780417911
780325097
780307451
780302808
780296527
780213689
780178922
779971668
779560221
779470950
779305227
779279128
778976230
778938950
778742016
778741922
778700793
778532314
778410883
778280142
778150393
777857450
777753978
777660982
777625103
777432221
777423914
777189129
777097078
776995133
776843927
776771106
776621267
776497939
776400930
776379249
776288965
776235309
776080768
776077320
775705577
775703095
775440544
775424332
775321274
775288243
775125751
774839924
774824273
774681799
774558901
774546820
774422202
774406208
774360895
774271364
774031122
773945534
773919512
773811096
773590032
773160056
773158696
773123152
773021776
772842981
772649829
772586538
772577378
772550046
772489320
772457777
772419512
772392949
772370354
772301886
772222655
772104630
772026689
771895068
771830115
771682238
771640344
771341595
771315922
771305493
771237999
771206150
771113284
770817222
770736657
770725731
770724671
770585403
770411566
770201482
770136669
770123386
769785293
769776769
769669085
769647093
769554748
769199601
769185233
768944783
768931780
768809563
768736919
768572033
768463655
768462536
768358971
768317321
768311530
768303669
768296005
768271881
768244156
768235010
768184062
768085983
767956430
767908667
767901200
767602241
767467380
767303330
767301721
767221653
767133509
767098985
766959593
766941494
766897118
766896620
766803310
766801819
766744163
766621289
766426533
766380263
766351462
766254281
766251975
766131161
766004435
765817065
765777339
765641452
765577515
765504749
765479224
765342753
765283784
765026743
764988456
764931099
764673517
764653590
764553016
764523791
764355693
764281902
764098641
763982243
763861841
763838565
763773280
763692596
763298020
763090410
763085382
762951017
762937120
762785404
762743941
762316358
762305966
762109817
761985195
761871745
761836570
761792962
761791988
761769220
761604773
761595355
761565302
761559699
761479355
761249175
761221885
761174163
761171351
761097793
761031316
761029919
760947572
760724197
760715012
760498272
760400080
760399964
760264627
759971638
759746976
759726147
759647554
759261913
759167372
759030841
758920512
758907165
758890760
758811985
758517936
758397943
758362718
758248348
758101118
758008465
757916587
757662558
757563177
757558810
757540203
757530989
757521319
757435604
757364097
757260111
757243056
757218707
757140496
756945674
756898102
756729934
756647331
756639221
756629742
756611627
756541649
756179479
755751202
755580636
755424125
755401014
755312498
755158232
755157486
755066179
755026188
754890226
754703735
754532735
754497846
754495766
754441168
754367327
754314335
754069668
753996673
753995250
753840558
753580580
753521726
753198399
753125617
752950169
752930834
752910029
752789023
752764165
752746951
752588215
752580065
752338809
752201396
752158724
752045600
751923132
751808418
751717516
751668560
751645772
751626793
751537280
751468147
751357926
751348575
751222300
751211832
751120142
750930063
750740313
750548416
750400187
750168474
750154806
750062932
750001609
749952972
749603287
749551328
749251480
749240612
749157210
748894385
748864002
748676889
748668353
748566495
748457682
748406340
748276515
748080346
748051492
747992006
747965412
747935575
747932234
747845761
747783655
747644866
747364665
747146374
747141247
746924797
746897877
746848070
746796421
746784513
746475601
746462784
746423366
746296066
746251567
746234037
746167305
746139699
746051688
746020056
745881886
745862973
745848028
745655174
745487035
745353415
745288539
745280082
745064002
744879223
744875306
744847373
744845788
744820060
744579565
744548593
744535934
744524951
744422108
744348696
744265154
744250107
744190466
743997279
743995655
743943356
743719440
743683929
743574039
743536260
743535671
743445818
743367944
742861437
742815421
742557178
742482885
742460671
742452497
742349547
742131794
742031252
741950806
741717577
741561401
741519015
741287008
741159520
741139224
741094399
741009347
740959483
740653957
740619788
740590117
740536449
740497179
740494948
740494228
740468836
740442472
740362382
740279258
739771295
739753210
739574744
739493742
739418186
739310833
739306188
739203954
739172939
739144098
738483194
738474927
738433714
738347920
738268285
738247616
738168719
737811950
737709241
737708717
737632565
737587544
737531351
737436650
737380383
737284901
737270659
737220825
737143561
737119110
737078883
737063045
736998940
736985344
736981599
736708126
736625266
736490524
736474689
736460020
736425227
736370720
736253258
736219273
736192449
736086147
735424577
735416878
735340772
735164234
734942330
734636516
734388364
734164139
734147320
733935879
733932929
733927460
733845783
733800363
733679951
733421487
733370712
733356258
733332073
733297371
733250385
733206423
733158800
733042953
732959193
732933373
732755322
732531702
732347531
732322410
732289977
732230905
732184323
732146753
732098039
732032560
731978140
731910466
731879416
731850131
731711530
731653929
731534034
731511212
731394927
731358825
731314239
731312409
731241896
731157639
731146598
731129561
731126682
731117483
731114508
730864001
730811712
730696304
730485501
730476070
730400569
730172521
729922294
729867158
729858420
729801996
729785047
729630356
729592689
729567182
729565495
729538701
729482420
729452138
729379060
729030894
728972159
728938950
728791795
728738810
728712076
728644267
728605010
728560201
728245770
728051119
727985283
727906414
727730029
727700529
727680367
727664805
727432124
727178911
727129809
727079014
726757297
726720127
726632133
726534529
726368512
726359211
726336950
726180700
726168903
726095455
725883935
725770334
725719050
725708464
725465149
725302124
725183294
724906228
724762278
724741105
724486901
724464474
724422957
724332333
724033383
724030014
723923784
723749623
723744098
723618543
723599925
723583975
723474696
723437431
723359027
723257380
723189686
723090541
722998249
722992001
722906000
722584423
722506899
722422005
722242544
722096259
722009334
722006913
721985481
721981520
721942583
721835175
721616066
721552136
721531383
721393445
721066415
720990870
720958853
720942089
720878080
720445846
720414585
720406941
720288021
720236134
720205922
720177582
720076523
719921850
719874867
719718066
719139840
718826947
718481923
718424211
718422495
718370786
718331653
718326919
718309613
718294866
718221715
718192376
718136359
718099273
718039648
718017889
717968327
717879877
717726157
717705770
717556894
717556760
717302137
717179281
717168033
717156596
717137756
717046292
716964819
716893359
716890870
716842807
716789031
716778552
716768176
716444565
716410754
716389724
716273620
716190997
716190802
716021537
716013232
715961111
715948982
715903085
715697423
715557291
715414776
715352345
715304890
715197435
715165043
715150240
714975674
714831026
714770981
714726021
714569963
714548679
714456212
714432233
714347748
714278039
714266577
714188836
714170368
714139834
714122690
714109369
714066980
713921666
713900220
713748952
713640317
713599027
713438110
713396606
713273709
713242867
712571562
712533384
712525208
712520048
712469507
712460518
712452698
712246071
712227943
712193862
712020280
711953946
711858264
711583400
711544580
711432784
711256737
711148524
710933057
710761357
710647526
710564166
710449398
710119880
710111336
709931219
709769416
709719087
709636174
709497650
709249666
709230707
709194265
709032657
709011998
709004406
708832164
708810056
708669931
708472639
708420757
708357168
708289204
707948549
707882645
707858852
707851931
707841477
707801254
707745174
707688051
706995242
706898440
706821610
706537253
706468252
706399684
706351214
706273023
706130000
706103207
706011653
705994834
705988743
705960798
705920342
705788564
705703951
705643332
705578357
705476687
705452206
705408135
705028819
704830063
704750789
704593176
704570577
704510909
704504953
704430362
704411814
704410429
704220617
704206291
704114788
703817101
703360582
703298417
703225380
703010014
702983929
702947007
702872702
702861413
702685310
702318020
702313969
702296470
702272422
702196355
702135792
701910044
701847930
701779791
701669473
701651402
701649490
701639696
701638465
701499061
701346513
701214178
701109060
701077698
701040305
700879966
700863222
700672883
700513852
700499582
700261192
700017223
699916316
699825625
699464613
699443416
699386526
699371218
699314205
699293386
699212021
699181353
699059990
699009367
698993397
698908303
698875602
698767937
698708044
698645274
698626191
698494767
698138090
698079089
697995481
697972352
697858141
697604908
697589887
697539907
697537493
697443716
697383526
697220329
697211637
696987957
696974459
696749494
696446338
696363819
696291830
696206253
695888932
695888435
695611319
695596316
695485709
695368141
695326815
695154753
694963223
694809636
694800120
694686033
694464803
694346562
694305145
694296208
694243128
694210239
694116483
694060010
694042335
694025068
693973245
693920592
693862875
693844456
693841681
693774705
693657713
693359756
693315112
693162124
693094902
693094115
693028814
693014840
692874077
692778796
692685260
692509579
692332266
692284036
692177124
692038969
692009399
691913253
691907423
691863720
691782925
691679014
691500472
691372848
691356525
691298108
691266388
691165909
691034582
690984749
690948720
690901032
690852107
690738776
690535179
690488821
690450297
690150427
690129170
690069628
690031645
689993846
689838702
689797468
689780861
689777089
689760650
689687699
689382161
689345567
689342793
689305536
689194247
689121921
689037910
688948836
688869197
688724692
688716168
688552455
688551192
688488511
688439207
688363742
688330682
688249417
687879267
687810968
687618734
687544587
687522288
687440058
687086449
687051271
687049494
686863885
686753277
686648386
686619545
686568358
686469623
686443530
686318337
686288765
686274136
685904772
685256972
685165855
685107374
685080371
684985678
684672399
684574345
684571106
684561973
684487197
684352166
684204245
684037185
683959942
683716063
683586582
683327218
683172996
683009551
682917847
682703686
682700700
682583600
682464927
682425722
682311190
682299998
682233973
682114919
681978989
681695545
681676329
681543115
681538593
681279177
681206097
681073451
680983363
680770209
680723333
680683588
680661204
680375085
680363856
680272501
680218196
680037733
680002991
679992528
679840083
679801419
679796715
679782986
679539115
679488678
679383137
679313741
679262851
679238365
679233579
679071946
679066243
678918107
678674841
678666378
678523330
678498260
678426573
678162962
677965019
677934478
677840309
677740339
677723834
677587751
677579920
677565886
677524761
677248909
677011283
676974679
676569428
676535185
676519752
676518115
676270224
676047874
675865529
675792123
675788021
675644652
675589666
675523563
675414683
675404088
675161876
675092508
675064041
674934157
674902995
674384675
674348419
674255055
673968722
673535392
673472636
673395892
673361018
673242810
673085380
672999146
672922316
672747957
672631007
672601805
672318335
672065488
671867086
671842496
671823104
671567246
671484695
671479863
671432667
671237565
671102142
670947055
670851797
670637961
670566144
670484494
670476334
670470040
670276604
670245115
669951961
669739760
669297628
669286808
669205636
669169215
669131241
669117522
668987712
668946633
668807758
668702552
668511781
668444599
668142711
668073775
668011894
667965777
667836508
667787346
667742094
667541444
667508110
667250205
667203711
667191423
666657695
666375805
666130041
666102482
666002720
665920647
665919960
665905463
665900669
665878710
665622059
665604999
665563278
665520566
665308854
665308121
665228622
665123254
665057100
664607980
664594393
664530552
664525619
664412224
664189991
664141195
664097125
664068920
664059913
664049333
663893049
663756637
663612012
663582598
663550839
663418708
663182349
663171717
663151384
662903509
662885898
662732487
662703096
662690421
662653594
662139239
662117844
662069619
661897579
661543801
661193131
661028220
660932574
660931680
660875490
660836174
660751219
660529897
660383893
660247966
660003026
659931146
659893043
659852922
659396551
659361314
659180742
659060956
658870990
658870861
658825353
658804013
658640841
658546308
658524827
658442820
658336701
658130143
657991281
657865078
657785125
657755740
657740377
657675636
657656586
657654171
657652157
657606362
657491440
657390636
657355403
657320742
657196961
657188592
657122005
657115904
657082964
657073400
657019884
656925674
656768228
656697273
656656927
656430746
656338558
656318479
656200015
656120852
655833757
655799601
655619433
655547322
655472736
655357509
655332499
655147467
655003317
654981280
654754623
654672397
654592197
654234013
654191408
654083959
654048062
654037740
654021551
653987715
653829326
653793163
653776404
653721588
653680666
653675284
653642103
653428481
653420875
653320476
653201477
653068971
652988246
652972227
652581902
652569469
652426209
652314982
652302529
652148862
652041581
651989200
651933870
651921869
651729397
651651242
651631914
651587796
651527954
651506935
651468784
651444174
651388114
651325803
651211248
651194142
651162874
651147888
651087567
651018335
650953772
650937053
650905917
650856234
650810481
650719715
650528141
650079775
650059050
650035696
650024160
649842086
649680353
649384220
649381120
649378578
649312174
649245471
649191293
649125527
649083063
648814222
648803003
648724781
648266162
648256873
648256549
648221294
648164840
648123160
648113058
648084338
648054869
648054424
648035165
647736914
647673203
647565868
647505564
647382792
647257273
647018439
646985000
646974655
646853365
646850963
646830560
646571301
646429237
646350640
645954410
645942528
645740160
645620486
645593151
645339057
645261893
645201609
645047324
644797051
644781418
644723591
644719370
644690805
644600176
644555834
644406721
644372475
644129063
644119119
644064423
643713934
643684587
643643903
643602926
643455923
643307260
643200131
643174893
643149301
643065298
642989883
642947816
642933597
642625277
642583232
642556323
642555853
642541234
642460456
642420521
642298627
642175302
641962881
641919457
641832594
641747871
641747463
641720295
641387202
641374335
641257568
641160357
641050138
641028527
640564763
640533292
640232679
640159995
639918678
639910886
639829387
639793961
639656468
639621731
639053959
639011708
638964436
638958777
638691706
638683480
638580834
638571295
638445098
638318382
638215812
637850471
637810772
637715602
637647944
637600395
637551362
637318109
637232234
637022932
636952271
636900119
636881232
636874461
636634368
636630903
636513149
636375979
636330765
636183679
635972346
635860201
635695453
635601008
635556641
635440554
635389455
635146141
634860727
634859953
634847528
634826048
634675594
634635684
634564524
634507766
634470399
634363576
634347061
634230296
634203888
634040817
633743293
633522660
633521131
633311341
633249900
633139393
633008205
632889090
632865453
632777635
632763654
632470662
632424534
632368230
632318525
632173623
632059517
632039077
632004393
631915228
631812657
631777629
631709930
631573616
631393684
631377782
631204537
630894512
630703636
630627864
630594543
630580499
630358912
630108763
629675068
629416156
629408953
629302382
629203034
629191644
629174771
628909406
628800539
628507528
628276447
628269820
627968519
627902812
627874711
627656769
627565089
627562072
627517157
627343397
627249108
626990226
626915247
626825916
626740486
626684676
626431404
626394901
626308653
626288963
626251021
626154540
626123795
625836039
625818456
625806792
625732495
625692251
625384948
625148989
625044564
625005308
624725742
624516613
624502925
624405981
624354312
624275566
624180903
624059252
624027986
623974597
623881087
623823255
623621325
623462403
623322602
623212405
623094118
622860453
622584401
622567051
622556039
622465091
622454595
622304785
622192307
622080462
622036887
621902407
621891650
621833520
621823372
621795113
621563858
621528956
621325077
621171762
621153536
621127124
621121741
621081252
621047438
620992408
620811732
620700186
620694770
620530511
620405018
620303486
620266383
619950181
619900141
619601276
619522901
619192747
619114529
619092627
618859541
618810836
618770793
618639293
618543861
618474119
618456103
618182201
618180139
617886004
617797377
617747477
617737952
617715834
617680226
617617033
617563652
617533862
617520318
617506167
617222319
617070895
617053152
617007041
616996917
616979963
616969925
616777439
616570688
616500874
616463439
616450148
616408529
616383928
616347849
616218537
616183309
616034037
616010032
615985091
615942463
615920277
615796808
615763846
615695224
615681275
615673492
615611881
615506591
615283172
615277283
615124046
615118461
615033969
614805888
614805347
614776013
614769522
614617005
614535235
614401734
614359370
614328695
614258385
614125022
613866857
613817511
613737436
613596617
613502668
613477863
613403225
613313441
613123657
613067654
613026734
612997469
612704340
612687820
612634553
612599119
612589541
612493514
612271440
612074072
612055180
612017847
611778540
611702302
611686657
611503499
611496259
611422791
611357538
611357105
611140278
611030977
610903087
610845108
610825258
610629676
610387757
610333502
610170948
610027563
609949585
609922677
609915288
609897580
609822586
609818314
609770178
609757464
609739517
609687595
609677785
609656718
609641630
609607291
609429899
609380868
609317783
609311234
609279222
609170199
608721079
608460853
607835014
607708164
607664393
607646815
607501594
607325844
606997383
606891826
606762672
606754840
606597558
606527660
606258472
606218238
606139899
605874937
605790693
605787631
605751166
605618736
605469195
605454215
605317720
604958095
604756636
604683263
604604758
604604236
604558582
604555394
604488066
604345053
604316636
604009621
603973935
603908637
603662332
603655045
603648899
603247998
603243595
603185389
603092293
602993078
602928252
602849891
602812716
602777513
602664447
602474041
602399081
602356254
602307504
602111677
602072627
602028344
601724117
601710067
601547738
601374604
601373440
601301461
601290142
601270721
601100516
600930871
600817544
600729290
600595754
600529693
600491600
600343902
600332746
600303548
600097253
600015290
600000367
599938869
599858427
599700575
599658491
599281047
599257790
599213112
599180596
599095214
598740118
598388929
598384194
598289358
598191866
598157839
597983982
597911476
597888617
597854329
597623070
597516052
597410006
597247695
597103482
596877679
596692950
596658467
596615415
596556268
596317368
596286531
596176244
595991081
595957758
595928864
595880064
595657849
595375031
595246016
595211783
595144308
595088561
595030622
594748913
594648413
594457586
594311629
594293882
593811841
593775955
593687494
593577482
593496203
593301636
593288398
593141842
592966297
592892779
592837160
592811014
592778010
592690061
592552011
592520893
592161874
592095990
591812458
591713945
591558822
591555503
591495654
591492703
591487649
591385439
591188793
590850731
590520573
590462174
590460564
590393261
590306024
590235978
590106148
589959656
589529406
589319788
589308817
589192828
589144196
589044381
588993846
588975082
588928014
588723176
588495321
588181438
588067344
587993792
587955873
587818531
587807203
587782511
587743124
587643366
587512945
587449684
587316470
587286784
587222190
587176249
587161350
586985084
586933635
586714421
586304668
586191541
586035594
585893498
585799196
585738462
585563258
585558305
585479726
585404330
585335541
585334977
585249525
585226021
585185052
584932056
584911552
584873536
584720402
584673100
584639732
584615846
584544963
584449531
584435059
584402564
584387282
584285797
584263026
584196564
584193913
584160856
584147656
584099808
584096165
583927812
583828652
583785068
583779053
583633755
583539972
583457130
583313364
583206844
583105141
583094659
583006132
582795160
582784842
582315092
582311680
582293715
582224791
582156594
582002219
581957250
581908782
581694095
581686069
581643624
581566249
581546497
581523920
581455029
581014855
580923853
580845118
580664554
580624171
580570198
580460769
580451508
580354232
580340121
579948604
579824387
579792401
579702281
579681497
579545231
579484710
579254668
579097532
579042637
578867525
578789062
578428722
578101414
578052346
577954901
577801365
577792826
577739335
577624479
577548630
577540893
577342261
577059628
576980143
576980037
576961940
576751596
576677293
576601471
576572452
576494361
576141634
575936886
575892969
575873095
575512179
575435222
575376626
575269000
575264506
575224694
575051513
575032475
574851404
574791677
574576444
574564213
574244016
574067142
574019788
573948597
573801925
573672045
573620745
573530855
573443378
573440362
573181126
573071824
573058884
572924048
572808622
572677262
572476597
572384607
572328415
571957956
571848621
571818522
571810997
571808743
571523284
571470687
571230293
571195390
571164530
571123601
570949820
570911894
570749875
570710635
570652661
570629637
570602801
570517176
570142334
570060911
570052788
569670671
569545518
569544481
569444954
569362437
569330168
569263630
569111005
568819390
568733071
568686227
568674932
568634292
568575807
568521237
568512868
568475960
568475404
568337653
568336743
568255399
568171824
567981012
567976706
567967276
567848806
567793740
567722937
567553933
567505704
567257334
566918942
566894815
566710973
566605620
566534714
566435877
566432515
566367568
566256045
566218192
566166414
566048518
566016548
565951620
565803068
565643050
565615907
565613579
565577076
565395227
565315194
565256015
565070182
564980398
564941087
564812475
564556385
564540336
564278331
564190682
564001238
563998306
563904713
563875444
563832483
563717958
563705289
563700038
563531607
563267048
563221454
563175445
563146520
562918379
562768971
562635663
562429948
562335501
562271690
562143104
561911476
561823652
561814741
561606994
561475059
561220126
561178454
561159553
561156157
560966462
560925398
560787774
560575588
560561604
560537117
560499924
560399223
560330235
560204171
560093680
560028164
559862596
559794371
559727669
559653298
559580239
559498016
559490828
559235573
559225777
559170453
559154682
559148307
559041730
558990264
558891865
558877765
558790948
558725019
558634608
558601278
558575267
558542311
558524716
558480263
558458319
558438139
558416328
558297961
558143371
558065097
558056091
557954194
557939327
557875616
557813876
557765367
557726973
557719885
557538581
557515651
557508931
557496568
557414892
557400184
557274067
557232062
557146999
557030742
556755741
556715527
556667440
556650130
556517775
556215650
556088637
556033554
555705198
555701241
555695670
555495351
555255924
555214527
555108514
554929023
554894960
554866218
554851798
554759366
554742365
554594746
554579575
554556984
554503434
554346728
554319707
554044726
554002318
553838900
553779938
553332090
553270864
553252232
553157699
553145342
553082589
552538328
552510226
552483850
552396580
552376296
552332464
552080128
551951785
551877608
551813189
551631823
551485863
551470439
551460129
551445009
551406949
551162404
551154262
551145245
551132788
551084593
551050156
550961920
550840012
550816278
550793772
550776230
550746239
550743707
550682849
550562832
550461251
550454114
550384064
550303697
550253911
550250421
550138273
550047285
549887378
549879835
549792539
549681926
549574389
549540058
549358959
549329669
549319302
549308342
549307757
549285868
549263233
549220865
549176846
549175416
549140043
548856708
548843132
548678589
548552021
548209110
548190657
548188302
547971052
547868868
547781695
547774795
547772780
547753571
547707753
547588280
547340393
547128552
547048548
547041316
547011299
546857249
546790912
546789945
546694086
546569411
546479205
546452900
546314928
546220833
546001560
545960567
545948772
545903536
545808085
545737417
545707676
545704433
545693283
545692819
545578012
545351866
545043494
545013452
545004665
544828129
544607299
544583203
544413181
544354873
544279776
544011882
543995646
543941338
543794447
543619241
543618755
543569555
543553636
543439403
543369523
543354741
543335213
543067085
542864349
542826289
542737964
542715346
542636755
542563224
542507892
542456831
542428815
542381640
542289924
542280414
542139940
542099697
542037772
541976804
541808441
541712080
541686090
541680428
541663438
541412835
541252344
541058258
541026904
541007510
540585850
540572669
540421630
540308028
540272496
540264681
539859022
539755873
539754170
539682058
539541593
539523496
539139873
538932922
538891793
538874869
538556355
538361707
538341988
538043536
538012227
537973689
537946333
537928933
537886391
537815126
537566467
537548036
537462640
537238508
536469983
536468598
536354004
536239925
535911400
535825492
535773654
535764226
535622434
535424589
535346218
535319944
535244967
535088175
535049248
534741169
534740517
534688936
534285978
534089352
534000037
533956011
533810646
533787520
533749460
533678364
533626617
533621837
533596204
533478939
533467001
533252874
533180872
533163786
533123026
532825098
532556883
532389973
532367028
532360496
532314667
532289115
531978821
531876789
531606147
531554529
531509293
531488106
531335536
531326068
531146809
531132824
531116741
531103781
530891560
530612780
530606743
530549943
530513017
530500451
530429656
530194713
530176833
529774655
529755202
529708951
529542179
529381058
529169291
529145569
529142441
528982297
528939802
528717527
528623791
528575130
528422129
528368851
528363850
528356826
528134230
528074396
527953877
527852991
527683396
527681654
527573164
527548431
527280262
527177804
527050886
527025653
526765005
526481696
526443595
526243701
526067519
525971921
525657612
525537739
524928853
524919297
524915356
524837646
524803646
524733577
524493142
524487180
524379633
524221513
524221420
524075577
523856779
523703001
523677271
523511564
523288781
523262209
523229273
523169165
522923128
522855716
522322850
522318465
522309575
522060703
522052660
522013576
521958834
521951068
521851855
521830311
521657951
521617867
521611529
521573243
521485551
521449504
521420598
521403556
521201067
520980210
520953919
520841369
520786110
520709428
520508635
520132114
520119556
520018977
519977491
519798276
519790584
519743216
519678058
519594081
519336020
519324381
519280173
519252558
518812329
518586006
518379608
518267905
518246414
518163689
517805564
517743966
517703106
517665764
517405713
517268679
517177789
517174999
517142026
516997074
516979613
516582852
516557301
516399323
516317898
516174111
516153386
516118073
516101119
515959825
515874895
515747316
515662891
515661866
515656519
515628661
515545048
515527288
515352923
515290095
515271550
515193541
515174777
515085254
514902657
514827209
514807965
514552058
514472514
514372831
514248512
514089327
514022565
513913765
513890072
513768942
513586624
513581389
513501640
513456943
513341277
513311720
513105748
513068153
513064515
512997409
512991051
512946974
512799407
512600043
512479916
512326924
512223529
512182742
512082197
512080808
512073428
512053618
511867363
511860039
511615418
511451454
511291783
511215234
511064089
511047496
511030649
510943390
510368133
510204280
510187839
510183892
510116190
510066494
509934585
509790738
509759302
509650456
509640100
509592411
509266389
509176955
509054533
509005235
508959039
508828035
508795671
508705848
508665788
508636948
508589886
508532865
508232110
508110027
508065785
508056200
508014586
507991901
507977567
507854402
507406881
506989223
506977954
506839799
506544707
506523210
506519578
506512101
506470363
506442349
506035659
505853684
505835327
505527087
505240002
505237570
505075414
504749216
504645963
504549495
504525631
504497399
504476656
504419658
504391955
504225559
504218041
504057867
504052513
504033929
503944706
503724565
503415570
503376382
503317362
503201497
502958058
502754478
502701780
502698696
502539246
502500958
502187548
502025587
502018362
501977126
501950252
501854149
501741859
501551710
501447517
500986726
500813864
500762972
500710302
500676777
500636449
500580088
500480469
500475805
500232415
500201791
500160996
500096522
499862106
499643111
499631668
499518621
499497726
499360949
499359168
499301381
499294905
499180101
499034803
498970989
498900030
498894620
498889467
498791374
498712014
498689790
498645542
498586849
498547555
498519208
498509444
498501470
498362703
498356561
498307356
498296971
498260980
498191143
498190724
498161847
498100113
498063621
497998223
497900268
497854471
497839357
497781098
497777297
497763448
497589976
497422004
497309922
497201634
497161875
497106707
496978690
496849770
496824428
496581847
496527987
496483337
496239313
496135318
496093816
495778118
495673134
495661328
495604604
495402422
495330399
495198907
495195655
495157662
494926826
494818271
494733871
494703465
494632815
494550752
494434936
494428792
494409192
494322736
494247764
494223814
493792880
493765545
493738097
493439153
493396123
492988555
492978552
492848256
492715847
492543880
492506032
492452818
492445660
492408847
492365682
492357223
492342231
492258387
492199095
491974692
491743531
491710740
491578564
491512199
491502448
491460496
491428705
491300661
491292735
491041006
490922129
490912504
490860843
490581132
490448212
490149953
489984062
489967434
489633417
489551951
489362546
489258074
489173450
489172354
489155478
489010651
488896270
488673323
488320461
488297282
488254065
488247405
488216414
488195092
488175827
488166900
488092751
487723868
487688508
487390580
487302942
487275323
487266725
487003713
486906526
486900775
486848559
486820531
486716604
486655444
486611023
486257315
486091253
485898858
485853209
485840630
485702789
485630830
485599928
485544750
485430810
485419357
485382859
485287328
485254188
485234384
485171908
485168489
485006740
484969139
484940134
484863546
484771076
484614012
484524077
484367878
484346931
484344409
484199925
484128749
483966787
483952703
483823808
483715143
483650444
483639435
483579507
483531313
483508343
483278517
483111059
483075320
483008048
482942689
482903085
482879795
482807836
482777981
482568927
482461023
482056508
482036791
481987681
481848030
481837442
481822523
481725904
481656736
481656297
481626073
481588637
481543043
481542006
481531261
481513384
481366242
481362432
481228310
481152828
481018023
480953276
480949770
480679762
480649380
480627536
480547438
480410463
480397057
480356912
480312827
480144004
480001607
479798882
479719368
479675794
479651622
479604432
479451481
479255577
479165842
479130404
478602288
478405745
478362739
478352033
478236797
478212340
478130526
477975004
477966023
477883348
477845855
477817054
477750097
477700183
477675397
477617461
477408046
477327849
477322041
477298218
477100985
477079404
477051243
476777157
476550986
476549332
476525924
476523221
476234485
476229986
476131721
476108383
476061520
475874112
475731824
475449654
475284791
474807090
474549792
474486391
474424028
474422188
474084554
474030616
473966916
473945012
473829122
473646036
473630810
473576229
473547923
473545269
473457556
473391017
473348080
473300752
473247559
473164865
473084964
473024356
472993093
472905919
472814456
472753728
472548611
472440540
472436988
472374555
472170184
472047227
472027157
471926320
471899399
471864465
471842206
471762228
471636483
471628384
471421560
471164317
470923418
470869428
470867446
470829092
470734823
470688719
470674283
470620872
470616839
470532608
470499718
470331731
470095748
470045835
469907267
469827520
469822066
469703609
469633520
469522431
469319377
468992603
468856358
468581068
468507234
468451065
468415402
468311145
468183590
468113002
467952037
467943680
467745277
467602333
467546348
467412748
467408814
467327986
467303041
467202517
467123125
467082537
467071886
466933856
466881217
466794865
466755463
466082037
466029329
466008652
465998732
465994618
465609416
465513935
465462937
465378247
465299693
464825932
464636546
464615533
464570526
464370635
464350431
464161559
464099205
464037635
463951488
463825111
463431018
463357665
463339396
463312350
462975084
462851559
462836873
462665987
462503212
462492224
462445925
462388176
462245590
462189157
461803780
461751356
461687777
461418034
461162147
461080894
461029372
460954873
460917775
460721067
459987807
459938540
459869803
459798980
459751290
459637717
459539299
459501085
459387367
459386089
459336394
459326719
459271931
459212519
459133525
459090583
458910266
458857010
458828298
458786287
458726725
458664561
458646986
458235392
458224298
458056384
458027423
457683316
457677715
457327613
457234197
457165777
456951030
456758366
456576002
456559063
456388087
456379695
456329431
456242102
456194939
456124907
456097107
456048485
456033756
456016500
455934856
455741649
455654521
455551736
455169981
455143140
455028634
454962431
454842611
454794370
454786609
454574162
454459995
454240593
454131153
454065333
453665123
453564970
453463087
453418852
453407293
453267617
453145373
453024823
452962252
452949897
452873547
452633069
452598089
452585391
452583182
452475644
452464826
451980609
451801443
451768846
451747011
451586324
451547180
451395952
451370852
451307364
451304594
451204133
451152674
451116454
450750711
450716099
450712999
450647533
450393664
450186740
450184135
449989970
449798323
449784270
449525682
449471863
449451075
449295545
449287719
449214057
449148448
448946076
448701677
448655615
448338822
448303198
448259071
448245022
448233512
448231521
448137720
447979225
447857917
447854690
447432825
447260030
447167310
447148758
447053635
447037434
446979769
446952393
446877151
446467560
446304048
446133563
446082543
446055585
445974929
445663295
445641117
445394349
445331474
445181671
445179892
445064806
444977658
444883452
444793633
444787541
444744355
444692701
444616353
444524790
444407496
443803645
443668877
443652176
443582391
443372989
443216397
443171107
443049388
442957083
442940755
442835448
442791129
442721063
442669500
442569162
442534047
442491977
442491648
442367051
442366992
442307688
442257899
442093958
441961777
441825205
441703011
441544227
441236820
440898899
440849431
440706708
440681580
440592366
440558245
440533811
439956431
439895294
439877323
439729945
439664016
439599103
439596632
439202338
439194465
438927698
438881247
438811723
438616626
438610438
438531681
437682937
437438772
437416580
437066895
436973733
436864204
436810722
436640460
436513831
436509126
436468574
436463426
436354934
436212123
436206166
436177680
436098390
435713227
435564319
435428914
435419171
435398244
435076701
435041088
434706693
434509249
434508499
434317503
434297124
434281259
433782474
433771459
433742800
433541728
433532244
433508714
433388422
433087712
432950343
432947780
432806711
432758503
432641333
432574960
432350706
432268893
432112009
432002165
431995179
431933726
431833141
431792743
431775702
431718009
431646238
431627546
431558632
431545653
431405079
431378926
431368414
431320523
431254283
431102330
431083097
431039535
430905492
430760098
430549790
430445606
430334159
430167563
430130666
430051751
430038578
429977110
429885766
429807264
429626993
429618137
429445338
429327763
429123269
429119123
428937794
428914544
428867156
428808948
428719553
428459720
428445785
428430496
428289554
428219264
427965465
427950108
427837849
427799339
427603528
427330923
427297609
427246341
427186660
427140619
427127255
427111601
426968129
426860338
426833884
426778200
426683586
426595953
426545250
426335438
426116724
426109021
426076682
425799578
425717835
425695241
425694137
425657170
425653230
425526677
425490004
425457867
425354894
425315396
425295576
425207544
425145738
425115482
424953247
424763070
424497474
424488497
424459050
424377428
424299094
424152310
423709389
423614246
423590972
423548075
423503308
423465682
423186314
423097254
422984887
422536066
422510120
422450425
422446090
422380500
422374902
422367538
422348030
422226571
422019959
421948219
421775007
421751935
421664900
421648356
421623291
421609701
421493154
421373040
421355168
421349534
421293385
421232719
421197048
421084031
420972615
420713241
420492720
420380480
420292034
420039359
419968820
419948083
419918136
419845394
419789170
419728588
419528265
419519942
419471823
419470564
419412473
419338794
419338378
419258716
419226015
419091970
419056411
418998111
418952317
418858080
418791924
418680436
418485648
418360009
418356941
418141485
417910311
417161516
417102687
417101498
417046084
416961802
416906719
416865331
416812348
416809864
416772573
416229058
416158263
416143446
416125842
416025745
416015138
415961974
415649301
415564781
415328017
415321620
414752181
414627509
414358691
414293883
414175889
413981954
413955112
413947121
413919334
413917301
413859056
413844430
413810392
413738809
413502726
413500859
413248277
413226478
413063864
412904887
412873435
412856724
412795676
412514926
412366502
412355025
412279395
412156980
412060249
412048771
412030474
411956845
411803125
411769171
411679932
411345214
411326511
411222472
411216104
411202948
411172958
411135487
410841693
410704940
410700871
410569213
410407271
410393536
410115106
410079053
410078896
409898501
409457635
409410781
409405705
409304644
409297278
409233399
409208112
409150480
409128601
409098412
409050019
409019296
408930226
408734537
408560271
408556184
408531829
408448921
408237915
408070412
407836684
407765241
407450933
407396596
407363577
407230717
407006148
406875197
406764523
406584821
406575787
406566610
406527663
406387208
406306305
406035305
406030657
405965569
405914573
405858433
405734616
405552743
405511541
405272369
405256177
405078357
404749852
404747941
404732401
404716437
404679452
404563791
404505234
404449008
404383819
404302883
404251260
404144695
403909030
403838205
403509411
403297703
403267292
402931219
402907410
402798286
402751495
402668002
402441753
402312249
402258029
401646164
401632549
401460488
401431143
401401897
401297846
401181511
401095524
401063109
401057945
400665041
400647493
400621912
400564060
400352333
400348651
400342256
400029340
399994974
399866170
399588718
399459368
399436312
399392083
399371625
399352237
399340645
399337980
399308506
399055937
399006516
398827646
398801404
398688581
398641203
398516188
397939143
397804215
397748066
397654219
397652631
397620418
397610347
397599558
397581571
397569394
397446797
397246147
397197841
397131807
397062216
397041915
396933479
396904017
396781939
396680180
396581889
396556184
396409481
396367900
396270724
396129424
396079141
395870974
395839597
395813227
395633572
395455273
395361181
395331694
395319378
395231306
395117157
395095010
395048177
394995371
394872908
394694585
394585954
394553803
394494190
394401434
394209695
394203027
393970009
393868998
393718216
393706870
393558711
393305871
393123095
392955314
392822171
392810868
392647305
392622388
392473885
392467401
392301334
392255453
392084549
392053582
391886866
391796219
391667055
391181862
391177630
391144566
391104904
390988795
390908122
390720594
390633441
390631032
390514782
390487936
390408983
390380464
390322996
390308955
390246705
390235702
390130941
389912512
389638502
389541135
389492163
389439331
389225408
389183014
389169751
388982380
388978180
388928512
388774838
388742321
388731822
388477647
388477164
388379923
388265811
388146590
388071210
388030257
387971091
387872814
387507357
387474949
387457363
387411316
387102825
387066234
386999719
386976493
386921299
386747588
386666831
386565020
386202583
386132313
386002035
386000814
385930052
385730214
385643600
385634737
385406094
385379334
385316110
385240566
385215895
385145034
384943142
384764022
384759465
384598625
384568198
384439615
383987793
383984747
383902839
383756125
383477752
383282689
383274145
383097894
382701898
382679387
382638392
382430899
382210102
382197113
382164363
382134193
381920190
381849144
381722307
381718509
381690796
381585879
381551455
381527547
381517421
381429683
381426867
381230253
381187752
381180056
381174204
381101136
380795563
380702635
380674167
380645247
380573472
380534726
380488501
380328735
380307428
380241429
380166665
380144972
379956671
379892249
379878996
379828489
379767889
379714412
379658356
379379257
379267537
379192714
379045035
378862028
378731420
378689032
378663866
378616206
378581386
378528241
378495857
378250494
378159145
378057091
378036360
377840599
377785356
377759807
377728633
377540708
377507461
377389224
377381218
377327819
376983640
376801763
376663583
376650320
376545765
376403533
376260245
376133234
375581100
375556771
375537044
375513359
375396327
375368706
375138303
375092466
374898588
374869162
374839951
374819281
374807889
374680272
374593071
374439815
374392490
374337751
374219975
374189720
374179962
374100353
374061103
374041759
373941300
373903167
373895192
373808597
373789029
373741094
373694115
373572815
373439219
373331463
373260818
373250876
373144385
373131832
372994349
372834346
372665650
372643948
372459144
372404417
372250464
372116180
371937039
371935016
371923474
371779648
371697910
371692027
371667298
371656555
371481641
371339127
371197059
371193437
371172263
370967456
370956497
370904366
370696580
370661470
370584284
370500733
370396010
369758249
369752935
369651897
369309213
369296476
369286812
369142122
368910702
368873424
368844490
368631340
368586096
368430235
368393584
368303620
368276929
367995471
367967842
367964287
367871244
367737505
367531574
367494419
367476856
367475153
367405967
367364847
367136512
366976183
366922172
366814896
366734601
366631258
366563547
366198950
365911493
365894965
365841446
365803702
365732212
365657504
365600810
365593406
365551054
365538854
365453437
364855255
364819367
364743069
364713390
364599054
364405553
364403476
364219205
364144265
363976175
363662002
363481959
363468991
363229012
363186364
363078244
363036216
362794102
362733833
362630046
362620010
362574501
362531958
362463073
362337390
362333679
362111648
362001233
361886922
361882158
361791801
361569166
361553884
361434023
361028188
361001243
360766849
360721588
360631291
360551609
360534651
360426910
360412117
360279059
360266474
360204857
360173206
360129961
360114187
360021757
359942763
359941699
359883675
359748994
359713376
359280455
359264807
359252623
359196437
359109697
359086186
359054516
359030329
358891977
358850134
358817269
358738528
358658278
358506846
358274581
358101367
357995311
357917758
357616668
357607946
357592598
357480814
357363947
357208330
357146890
357039920
356648820
356467140
356286075
356072225
355996458
355996224
355860244
355794689
355750829
355749144
355651346
355631077
355625033
355473197
355429336
355167054
355062902
354964869
354924405
354864762
354735111
354727259
354700611
354667685
354644131
354500206
354420484
354333532
354301209
354278217
354253624
354116655
354022643
353890546
353779797
353534604
353425891
353373932
353358249
353193473
352989532
352919991
352860933
352800525
352786418
352687043
352323905
352221845
352155545
352048434
352027095
351998480
351827893
351678705
351636949
351603071
351581069
351276937
351188614
351181595
351162368
350812478
350761702
350757343
350425950
350418118
350169119
350162298
350155953
349660932
349582808
349575814
349561689
349456289
349450758
349377866
349346448
349302105
349175289
349169804
349000215
348988444
348974511
348675402
348662799
348661262
348551818
348518339
348435521
348371515
348276408
348241363
348102857
348032559
347970558
347805680
347776023
347738300
347535486
347505763
347288227
347248784
347163226
347067996
347019679
346911954
346494569
346484255
346282060
346259735
346243819
345948645
345920984
345787214
345751210
345537894
345486479
345442560
345305922
345232609
344909883
344743371
344546277
344348329
344154246
344110756
344094463
344082563
343978672
343782034
343731806
343551380
343401912
343364782
343312176
343273926
343142744
343075459
342931896
342733011
342640902
342603489
342599524
342588043
342061625
341932202
341906423
341742809
341392414
341028250
340822501
340730142
340663087
340628666
340610158
340450766
340445222
340279176
340235169
340207375
340192417
340188766
340099086
339913673
339546740
339492475
339413776
339326320
339292636
339288616
339211297
339103356
339032078
338980932
338980570
338910912
338890865
338826134
338800777
338722933
338638915
338505117
338498829
338474564
338472162
338364632
337928689
337864018
337671358
337584044
337544436
337327605
337285768
337250025
337213794
337169425
337131167
337091579
337029922
337018789
337014618
336932253
336826682
336703031
336622509
336442395
336365417
336352594
336307093
336240614
336168429
336119729
336011183
335995033
335899031
335826027
335492464
335479285
335456317
335454293
335421722
335373994
335347140
335294643
335261520
335143770
335131297
335128148
335109432
335109031
334998712
334869890
334633104
334629191
334573455
334495261
334493447
334251423
334221275
334218094
334080623
334070761
333806297
333751185
333634582
333561299
333372229
333208062
333155544
333120074
333090553
332849661
332772621
332622082
332588713
332440999
332424612
332405854
332394485
332220413
332219456
332214728
332109014
331914912
331909543
331836077
331662154
331550086
331483963
331417315
331338524
331248410
331181652
331148849
331070375
331006203
330932797
330829800
330823192
330815442
330747675
330666310
330647515
330554278
330420038
330415560
330276476
330231123
329964058
329761654
329681076
329624251
329591108
329273502
329193512
329141089
328913763
328913433
328828708
328723299
328554757
328486263
328460085
328142964
328032379
327896467
327850653
327839653
327780248
327665681
327533390
327493529
327487333
327248901
327183378
327091095
327085637
327078509
327054250
326851927
326812791
326761960
326724990
326680628
326493033
326435034
326357311
326174636
326062357
325778163
325706766
325621737
325544402
325539640
325159247
325083908
325078893
325062498
324744934
324655306
324649108
324556881
324518000
324449446
324426096
324386907
324347287
324285185
324107506
324097315
324015644
323985621
323970901
323919232
323862190
323773983
323688809
323467170
323455850
323438076
323304866
323184620
323159208
323123685
323010381
322921065
322811110
322635195
322576349
322481699
322324122
322227859
322008201
321923260
321703211
321651818
321420919
321297550
321235566
321083773
321076390
321064998
320995916
320878165
320809839
320744215
320639578
320516203
320391065
320127154
319936959
319902951
319841514
319831552
319800345
319682830
319507530
319484466
319367715
319314395
319170588
319084402
319010469
318855227
318723748
318682777
318553793
318523981
318444187
318190664
318156734
318041413
318013407
317776854
317716277
317629478
317575634
317552904
317502374
317278071
317261197
317152149
316988988
316929301
316770682
316014598
315828446
315628158
315565253
315488285
315361888
315249780
315039310
314849925
314672293
314658935
314533726
314450435
314442244
314327804
314290127
314256601
314249537
314232345
314131946
313785671
313729533
313663928
313637943
313585355
313499161
313338690
313239353
313228109
313113429
313010986
313005441
312935977
312891438
312690237
312671690
312450189
312402967
312300045
312048360
311972920
311963725
311584541
311560746
311483726
311467420
311463353
311454484
311356824
311145943
311134436
311016337
310759553
310625380
310470444
310448508
310378374
310183265
309925114
309790484
309753254
309472430
309461244
309422038
309319826
309143150
309120832
308905735
308857296
308695945
308653995
308639852
308373619
308324036
308236487
308197568
308087540
308076633
307871240
307817832
307782032
307723873
307673067
307582334
307465224
307416766
307240833
307236891
307231026
307102163
306975526
306902497
306833206
306823284
306816141
306683425
306450168
306308970
306193877
305925719
305861487
305851759
305796519
305714047
305638825
305523955
305495102
305327109
305019331
304915635
304523882
304465874
304420088
304391532
304338462
304246133
304188561
304099366
303963833
303960526
303749905
303518014
303133864
303126488
303051563
302987511
302925356
302843020
302737663
302627722
302500080
302434488
302377271
302367247
302248556
302242481
302077630
301949972
301899525
301846815
301557101
301505245
301298985
301182416
301122137
300880532
300658420
300614811
300608461
300512598
300462194
300390889
300359254
300349671
300329899
300204147
300035497
299917640
299877538
299690669
299521819
299461947
299355347
299353205
299352654
299347652
299323291
299315318
299264071
299083464
298904274
298890545
298812191
298740113
298720662
298686552
298625449
298599662
298583796
298519584
298459064
298403537
298376972
298160377
298009984
297996476
297956625
297915379
297888645
297836719
297499433
297492037
297479652
297139827
297135983
297022277
296989700
296981856
296967642
296791768
296764188
296740391
296609200
296444155
296154323
296105980
296087667
295725667
295687670
295654007
295555815
295535104
294972529
294939351
294937035
294932663
294899370
294698341
294697203
294593386
294280155
294230008
294191744
294186469
294176926
293856253
293800982
293710211
293668520
293473500
293425827
293415421
293398497
293384405
293250898
293203869
292979691
292939961
292926211
292923853
292799612
292749824
292614210
292555783
292295201
292234551
292009618
291968554
291765922
291725921
291702406
291680732
291474719
291319437
291318031
291277043
291251780
291008932
290935016
290865598
290751238
290601591
290415885
290308533
290287062
290174869
290138390
290101635
289883062
289802473
289695377
289671727
289593388
289567408
289466655
289393271
289302227
289290621
289255895
289232098
288946202
288922764
288853124
288802283
288778088
288774126
288735744
288434641
288395195
288371372
288366472
288222578
288215224
288201399
288028394
287949205
287898561
287774588
287761247
287754974
287587413
287497132
287084789
287015463
286919433
286750555
286602739
286576371
286511020
286262839
286257364
286105407
286023618
285999549
285951846
285940520
285922084
285604562
285559632
285504388
285233677
285169256
285138518
285084075
285034212
284977508
284896543
284798573
284790133
284674548
284579502
284359912
284320074
284306433
284253638
283868907
283805741
283759120
283685261
283316789
283308929
283160341
283104510
283093574
282974529
282783245
282553402
282529079
282521161
282510930
282370331
282333066
282226767
282086215
282006373
281991008
281858454
281842290
281720589
281444497
281015443
280977861
280919942
280889529
280782727
280779058
280744779
280695202
280639578
280601880
280529533
280369929
280300232
280228328
280139623
280136896
280088514
279961343
279877413
279660773
279507001
279413157
279403022
279363681
279304933
278932902
278714779
278650861
278596863
278585675
278572482
278548609
278492431
278483354
278439317
278398185
278315428
278218910
278130417
277985951
277891274
277858413
277833460
277765563
277662483
277643439
277590840
277586547
277561556
277524099
277512200
277509485
277447457
276721469
276657403
276629944
276371461
276320132
276240708
276197404
276183979
276092945
275780821
275694169
275580159
275520088
275199670
275009180
274932034
274820428
274758886
274731119
274696454
274670983
274654041
274596450
274555197
274525512
274515033
274496440
274481118
274422377
274241402
274212553
274183982
274109315
274080159
274006551
273968158
273788416
273709975
273706080
273692563
273604185
273534464
273204787
273125392
272902539
272726652
272501377
272485112
272321142
272139123
272121053
271881672
271876063
271746160
271664223
271527515
271505553
271423655
271420763
271400143
271378670
271338757
271219556
271180290
271051717
271016978
270999852
270875089
270727799
270671955
270473374
270393123
270222964
270104240
269917548
269867324
269814563
269781091
269558829
269518758
269516644
269328597
269317139
269277526
269080689
269080675
268984815
268974268
268684076
268569762
268508931
268483779
268406157
268378584
268305447
268252062
268181631
268146902
268043312
267953401
267874590
267873985
267862896
267847325
267830025
267824972
267750501
267711974
267699655
267638208
267626008
267550735
267373881
267168183
267158738
267077790
266813258
266602709
266523161
266513480
266497788
266311346
266281834
266112580
265798977
265589440
265522143
265486142
265408425
265347696
265308090
265251649
265140602
265101465
264897205
264848266
264806672
264787337
264547265
264522933
264421122
264372123
264318623
264026585
263971800
263966288
263809692
263474167
263467930
263405725
263308970
263076639
262922674
262640237
262596366
262481500
262459344
262425262
262408161
262293877
262285827
261968471
261898994
261851928
261683048
261602556
261489335
261486548
261447822
261351353
261251136
261209545
261184078
261112168
261103872
261102288
260995274
260857716
260800929
260709410
260277623
260195448
260172462
260154474
260085151
260059229
259790362
259746494
259715964
259589034
259319351
259151650
259055200
259024805
258978738
258959137
258905342
258803855
258733397
258608028
258591606
258580992
258484516
258463211
258462224
258444020
258436463
258166509
258112871
258087104
257720671
257606276
257448460
257349662
257024509
256941205
256905933
256686724
256669685
256609679
256608702
256474298
256452243
256437596
256383372
256344799
256252387
256238662
256137022
256132297
255939820
255863500
255752433
255735927
255588129
255586958
255523868
255481000
255476699
255397628
255394695
255263498
255089087
255006233
254948935
254679063
254631213
254612460
254572345
254506216
254452157
254358757
254339072
254059957
254022346
253953753
253858132
253856937
253766147
253752067
253397209
253156075
253095025
252831825
252626151
252456278
252246489
252066020
252040067
251994092
251988371
251917588
251726903
251674438
251554548
251521798
251362731
251314283
251293155
251292381
251095969
251038524
250947310
250946565
250920404
250859604
250814949
250804883
250778070
250775169
250676626
250626302
249967829
249873174
249867592
249570951
249570001
249527112
249309056
249307164
249300485
249113221
248923820
248911377
248804647
248677930
248639471
248387365
248254181
248200603
248113429
248055777
248008648
247876324
247841979
247788296
247716060
247658159
247657028
247490874
247330939
247252740
247211788
247194603
246981050
246920766
246815291
246799636
246755010
246706855
246487094
246369123
246368246
246332334
246224968
245775042
245549271
245344601
244801591
244722106
244603584
244252589
244226434
243861710
243782622
243559548
243511331
243361944
243357878
243318057
243221179
243100673
243006007
242976302
242957303
242681152
242639756
242592306
242564851
242485443
242426362
242350249
242224729
242198441
242154760
242147960
241586109
241504883
241414439
241313852
241298062
241024523
240958138
240776924
240697274
240609769
240527277
240465470
240443232
240214259
240086195
240083183
240045664
240029677
240002617
239844607
239742186
239566937
239471079
239426407
239134153
239055422
239023159
238969801
238936308
238649535
238599012
238548885
238516767
238490282
238470774
238452707
238429784
238415836
238107068
238087315
237730870
237691990
237549353
237330273
237242031
237232724
237074822
236912153
236890362
236625711
236508642
236449915
236385941
236373606
236363166
236220982
236215037
236142275
236109583
235920557
235906104
235897303
235836068
235801927
235740455
235534100
235368279
235351068
235323737
235320282
235191972
235144100
234978791
234956329
234702320
234658258
234615452
234517118
234419955
234268066
234194496
234113864
234083192
233931414
233822892
233526357
233363753
233360112
233169764
233095176
233090157
233060853
232962248
232782152
232679001
232508714
232318904
231891349
231841911
231839918
231775893
231775886
231733892
231627201
231479824
231321615
231291805
231084938
231024692
230842194
230838522
230675175
230491806
230449767
230341389
230162795
230161962
230067171
230025720
229897881
229732150
229583299
229449558
229360738
229329544
229282646
229061463
229015507
228963518
228809586
228679158
228626223
228394864
228236077
228106397
228105705
227979274
227947224
227786356
227526052
227462366
227441607
227436532
227408731
227122444
227110506
226952813
226940660
226921840
226867168
226771678
226680298
226598446
226583779
226552047
226537889
226193709
226105277
226095694
225928054
225700136
225691225
225549740
225505798
225504666
225471377
225267122
225243483
225218301
225102319
225088025
225069582
224948092
224939767
224934179
224876990
224739010
224667912
224518548
224438711
224401679
224346550
224312169
224260685
224243797
224205962
224130424
224103806
224063524
224059115
223884692
223866978
223648844
223645633
223605389
223457193
223366871
223361976
223095297
222735276
222733078
222556909
222407318
222345470
222317037
222260223
222169190
222069065
221993391
221979187
221912055
221906303
221811664
221396309
221374326
221331312
220951916
220739659
220558689
220471257
220402174
220255394
220102557
220101637
220074811
219943318
219930520
219914376
219632948
219618786
219611677
219594262
219555748
219511703
219420169
219393980
218924218
218886572
218822709
218732276
218715437
218664175
218620533
218530847
218449777
218409622
218286149
218121941
218015630
217994277
217983618
217913046
217902324
217568973
217506377
217464755
217418195
217366273
217339500
217268850
217232897
217171063
217159969
217013613
216994176
216530701
216520352
216510208
216381564
216328966
216313840
216004129
215998419
215856830
215832844
215795479
215791057
215730133
215669430
215661068
215431310
215364818
215242441
215199759
215164590
214742368
214710018
214612473
214560385
214112282
214091198
213804935
213702086
213582223
213490954
213285469
213201848
213011879
212719930
212553721
212543322
212499047
212491470
212452282
212430779
212413072
212338743
212262120
212186881
212158965
212149369
212122109
212005768
211967261
211896989
211780668
211780313
211721287
211626814
211573886
211548511
211407137
211026032
210917054
210899870
210891749
210766907
210619168
210459471
210450166
210430710
210428469
210318955
210237367
210229249
210210336
210198224
210193178
210143653
210118067
209914063
209861665
209706554
209552415
209434502
209362147
209310456
209196677
209160195
209072363
209037815
208920481
208880815
208771869
208677088
208578903
208511533
208479271
208477849
208230955
208014473
207969728
207873969
207823942
207720088
207502879
207298978
207192306
207160342
207142025
207134112
206973485
206973082
206828945
206632276
206418036
206390452
206345321
206184349
206161566
206137510
206128458
206101437
206099445
205989413
205819769
205811571
205739512
205654121
205610909
205598180
205524953
205491805
205420929
205230532
205083271
205037357
204996396
204954715
204857375
204762638
204690152
204632195
204546338
204346526
204234865
203917531
203762778
203705445
203304419
203188254
203136849
202995733
202809313
202684265
202465129
202416211
202406659
202375032
202265581
202174010
202150476
201897957
201862807
201859762
201783973
201651666
201636307
201542718
201474296
201355806
201288542
201282980
201082179
201014409
200917381
200746297
200680334
200579869
200545487
200467362
200193790
200065324
200032822
200000272
199954064
199908821
199592241
199573340
199514861
199451179
199367404
199169655
198955391
198936072
198859494
198512460
198379878
198256590
198222217
198175484
198132713
198032332
197784175
197760314
197734155
197650108
197639670
197291376
197269677
197177517
197176216
196931871
196501178
196336971
196252151
196212509
196150724
196148938
196025791
195928586
195613451
195403447
195397225
195299991
195122106
195120258
195113646
194725632
194677166
194538581
194506185
194491416
194450761
194217405
194149225
194135154
193818470
193653626
193588825
193559860
193554692
193550900
193515298
193309990
193218267
193066052
193020654
192998528
192949204
192901556
192874395
192825857
192755712
192745221
192401303
192224001
191957486
191889601
191845535
191701827
191640728
191568398
191292623
191270492
191254586
191159142
190573744
190430779
190326125
190297118
190289019
190129562
190107067
189845107
189817881
189716802
189652590
189529541
189472357
189429384
189314995
189281981
189269974
188917188
188850690
188822671
188800162
188635791
188493339
188430764
188279751
187869568
187794511
187625337
187621892
187368093
187136508
187097775
186969489
186937740
186870400
186669781
186592350
186134237
186095870
185994667
185984416
185716493
185621136
185574325
185528582
185483766
185479981
185406649
185211675
185208631
185000712
184776632
184753889
184723997
184669272
184517297
184502749
184490261
184056730
184048140
184009313
183888387
183883096
183482881
183411212
183334790
183329443
183285116
183205051
182889385
182878417
182580375
182547931
182525982
182431433
182387303
182290725
182265161
182009706
181954497
181872383
181849553
181742164
181724576
181664971
181609452
181507317
181415846
181269842
181252014
181148267
181141434
180998329
180897068
180896318
180792361
180706915
180700281
180548780
180499291
180486097
180477991
180369249
180235166
180221565
180132840
180091073
180034641
180022873
180022368
179882444
179810235
179563512
179550594
179338097
179322388
179300486
179184482
179183903
179119708
179106705
178956858
178951608
178928512
178591411
178472258
178427261
178393772
178250539
178057413
178011170
177975429
177912526
177756697
177632312
177508678
177503958
177479527
177354615
177257509
177091804
176830339
176791327
176702299
176680709
176272986
176129755
175921960
175872036
175870095
175708011
175641044
175509266
175044029
174957618
174441135
174391320
174268174
174213804
174184067
174159419
174094203
174018986
173926392
173811333
173728213
173564735
173482962
173472150
173300045
173251548
173158217
173054607
172938496
172916599
172819914
172766365
172674043
172597080
172566530
172492734
172415389
172156963
172095854
172052653
172013959
171824304
171810591
171731316
171362522
171199878
171073010
171019141
170840010
170660564
170617800
170387559
170323643
170248375
169660708
169498108
169371856
169371493
169333753
169226599
169113267
169105078
168946249
168857099
168637931
168441177
168271951
168172180
167925975
167834974
167823400
167821934
167534433
167418528
167406906
167116725
167115409
167046873
166893174
166878020
166713885
166528216
166525054
166495757
166490745
166386479
166259056
166206757
166041339
165920261
165756346
165695737
165686562
165605337
165559454
165524534
165175197
165026365
164881699
164879893
164708342
164346144
164311396
164235220
163964162
163766975
163701685
163673858
163552540
163262002
163164897
163164832
163114426
163090836
163023044
163016050
162906242
162895313
162894060
162822859
162725497
162453456
162447603
161962878
161801658
161742771
161726135
161602882
161414995
161333871
161263301
161238285
161208371
161117558
161097548
160955784
160852337
160820670
160473043
160432742
160336742
160290917
160217651
160144296
160091389
159955997
159932843
159922015
159886399
159805163
159679329
159667381
159548743
159533844
159289256
159237994
159016232
158827522
158635528
158493961
158387901
158226838
158150012
158031383
157947181
157944449
157514643
157495615
157379586
157096564
156955047
156891359
156877358
156857481
156841556
156720708
156656125
156572355
156558737
156480792
156447100
156407445
156399742
156237263
156090932
156039228
156022318
155921317
155847893
155807491
155799921
155735630
155653216
155507607
155490160
155404556
155404017
155380423
155377665
155263797
155150055
155095677
155049691
155003609
154997076
154987181
154985546
154928107
154924747
154859343
154639715
154598543
154494523
154489256
154466681
154295319
154252650
154244479
154168934
154143792
154091933
154051396
153957242
153711176
153333953
152859155
152710803
152673808
152592635
152454055
152404563
152159504
152031724
151804866
151626802
151473129
151335346
151306768
151184210
151152576
150905901
150827409
150709104
150649335
150445585
150305489
150235776
149982184
149618317
149599415
149484346
149251991
148951322
148913343
148872438
148588307
148330512
148284595
148143702
147659642
147460097
147405621
147119801
147104722
146642878
146551156
146537500
146528126
146478801
146216973
146090946
146037748
145887587
145594308
145559467
145455059
145337647
145037721
145002024
144946784
144924865
144758259
144738008
144697364
144549148
144545706
144529919
144465416
144348003
144336320
144297005
144211895
144058514
144051099
143944257
143759828
143742608
143730221
143728343
143639118
143638146
143584766
143531619
143522911
143494437
143491538
143191790
143175010
143171320
143010029
142766256
142738727
142603172
142591339
142512396
142303095
142257405
142231324
142229711
142161491
142075069
142008915
141926272
141904098
141802069
141698844
141629428
141544858
141374812
141314316
141288310
141101445
141072734
141035505
140965546
140815175
140787624
140669839
140664902
140652587
140348457
140293186
140208050
140151515
140077676
139963995
139862440
139802355
139670022
139598324
139586258
139556309
139539132
139386190
139370135
139320353
139312285
139255570
139150441
139137417
139130334
139095552
139092627
138526809
138457788
138378592
138217085
138169101
138027295
137998745
137906733
137747041
137743076
137512709
137492198
137355026
137308139
137275591
137241402
137225935
137062042
136747389
136641306
136559634
136518251
136509697
136352879
136312408
136159605
136008584
135981206
135920463
135877824
135824213
135681072
135597597
135589442
135465113
135444409
135318718
135217201
135175109
135105152
134763734
134757705
134653817
134586894
134564513
134540472
134534701
134499895
134482513
134257126
134184167
134059649
134021903
133901615
133882600
133766931
133750999
133676320
133565954
133534844
133170703
133067359
133033342
132993503
132947245
132910444
132894241
132838860
132710263
132703850
132648703
132527202
132514879
132354121
132345630
132258484
132238775
132056854
131945006
131944653
131863397
131860927
131750778
131635186
131634124
131565007
131537354
131260362
131101220
131017181
131008571
130913028
130847548
130753858
130668624
130618708
130555400
130534536
130463978
130348679
130271335
130077114
130065328
129989812
129851850
129704048
129692632
129616531
129529756
129523584
129420295
129198609
129113405
129079354
128849668
128847162
128756505
128544619
128396490
128328263
128185232
128181543
127846346
127592691
127533783
127469032
127394356
127174321
126945941
126943594
126941825
126857008
126830400
126654184
126619606
126532904
126491538
126403091
126200328
126031740
126028850
125921566
125910646
125739424
125647379
125465322
125338371
125298864
125282378
125140094
125097581
124958591
124896653
124836809
124488146
124345529
124314972
124277385
124226884
124215297
124124752
123904036
123895726
123816683
123688328
123593178
123579744
123552402
123448969
123181645
123151397
122828751
122620215
122539921
122289972
122188302
122071765
122012384
121958064
121849927
121584262
121342277
120946864
120745912
120722983
120718785
120712740
120705470
120687030
120434594
120420886
120247830
120047600
119985556
119928663
119783678
119666323
119562339
119471117
119418053
119329968
119213125
118700328
118668784
118656850
118623610
118544242
118359151
118329857
118326232
118210784
118198212
118145968
118133909
118052021
117923154
117919564
117664474
117611795
117539823
117429871
117302943
117268523
117214581
117199878
117075511
117063850
117023780
117001545
116892768
116827058
116634689
116584830
116573420
116299460
116295522
116212352
116087179
116084699
115865528
115702488
115689113
115649851
115604311
115558451
115540946
115522854
115271135
115092444
114905620
114867024
114787962
114758175
114739495
114665427
114582638
114503952
114434207
114418961
114379388
114343368
114208030
114060247
114020404
113954927
113817810
113815941
113785565
113573970
113293051
112874922
112704103
112618922
112578530
112577544
112566468
112505166
112494135
112384031
112178284
112119673
112079308
112009225
112006304
112002988
111904866
111826460
111769721
111743208
111590060
111561182
111536238
111511007
111477795
111363601
111360026
111350491
111342098
111249262
111154905
111033112
110986094
110941433
110894577
110819773
110332186
110316643
110130230
110082603
109961645
109922149
109833689
109820480
109380299
109270689
109249939
109018346
108934522
108922680
108866433
108594980
108325765
107949794
107775513
107742308
107611530
107543808
107445351
107277691
107144397
107112411
107029336
106950831
106845466
106746101
106561697
106448307
106296879
106252219
106235506
106158603
106069045
106029552
105977014
105817216
105737212
105535625
105449482
105263107
104943816
104833879
104603696
104555149
104427170
104419107
104277814
104202235
104190952
104159605
104107119
104093837
104087062
104071455
104011049
103920831
103616082
103561933
103026688
102783814
102687400
102676407
102557115
102449102
102377706
102369590
102237240
102211437
102200256
102192139
102171542
102137348
101925635
101900560
101601687
101409617
101340205
101233135
101096123
101090529
101011580
100890422
100884796
100875726
100852079
100851605
100730752
100606193
100408679
100028098
99941565
99877056
99852770
99838511
99813617
99684114
99544888
99530794
99510673
99427608
99381678
99326739
99313273
99278657
98884698
98807752
98671926
98413714
98374621
98296319
98227802
98140665
98114300
98055151
97980792
97980652
97975771
97935611
97804302
97600704
97494632
97410906
97341092
97316117
97309934
97214244
97194381
97153267
97021416
97013329
96981184
96933514
96880682
96839921
96700595
96604491
96515440
96393636
96178852
96115725
95803885
95513994
95487272
95431318
95418321
95362494
95306895
95124290
95029412
94898479
94801003
94742528
94682907
94659526
94575721
94506526
94473965
94398138
94397888
94308544
94083266
93970757
93887938
93872307
93819839
93800409
93790830
93765337
93644030
93514069
93429334
93330347
93328087
93305387
93290050
93090415
92988695
92933770
92890888
92771158
92755913
92634574
92631662
92520153
92432595
92349451
92348144
92322575
92282091
92198880
92111703
92080131
92077714
92046153
91984903
91812556
91803942
91258248
91220207
90975838
90775435
90647633
90466024
90362072
90286650
90177602
90164557
90163443
90117175
89710590
89655208
89559551
89502446
89463365
89383984
89367417
89357772
88981769
88847039
88767351
88660985
88648034
88583497
88540378
88473530
88391227
88333874
88239724
88162485
88157567
88098026
88001971
87974232
87971713
87882339
87701983
87573028
87382621
87360846
87265626
87201523
86975179
86857603
86718917
86564807
86558136
86479744
86332742
85763377
85723248
85419819
84908385
84867215
84849186
84746421
84711004
84690223
84665275
84612471
84592273
84499500
84475147
84460478
84387887
84284525
84004186
83974195
83950565
83823514
83688667
83616680
83577670
83567891
83433252
83238027
83220747
83167985
82650714
82639123
82515896
82485253
82328179
82303862
82171612
82026597
81489982
81465053
81420746
81266580
81262721
81176367
81133607
81089548
81024601
80841322
80817262
80796690
80564142
80332413
79996594
79863504
79834029
79828478
79758010
79596059
79526654
79446746
79341661
78873882
78856906
78855381
78789071
78730206
78642548
78085264
77832919
77794779
77580930
77552817
77499893
77349999
77163714
76960508
76851446
76803864
76794673
76775274
76732372
76726683
76552067
76529853
76380656
76323146
76315738
76241851
76144249
75887178
75657042
75611221
75591108
75423501
75409249
75144982
74644368
74632960
74632419
74614865
74546560
74460403
74427102
74360162
74054231
73931493
73745172
73673951
73444545
73406042
73388929
73329509
73328347
73209695
73114859
73108752
73063470
72972811
72920093
72605614
72573384
72549132
72475102
72435831
72211024
72101048
71860358
71832404
71810192
71777465
71746558
71714059
71471825
70971027
70952056
70850601
70845342
70709208
70594268
70410077
70193930
70168047
70155895
70138595
70048989
69838551
69773639
69762772
69704595
69621475
69571200
69525110
69483810
69441474
69407398
69051754
68967400
68505988
68456244
68419090
68412798
68095512
67990405
67984471
67888963
67661335
67604144
67534214
67451310
67432286
67408903
67247041
67229027
67184708
66978566
66935837
66860140
66836162
66727152
66704758
66638870
66540457
66265660
65789156
65677929
65415005
65334854
65121068
65084289
64951156
64824566
64754393
64735635
64725052
64619853
64583736
64514162
64510700
64429272
64369840
64128642
64024140
63453931
63430395
63422126
63379988
63328191
63296535
63237477
63213187
63041312
62702274
62333648
62136660
62004721
61910834
61828069
61701790
61588946
61569903
61466912
61335570
61316731
61305947
61289549
61188881
61168373
61071775
60969031
60935074
60915998
60771889
60753286
60346889
60324332
59998013
59991922
59945707
59921236
59906375
59890407
59716167
59705994
59695639
59620014
59315272
59285261
59282870
59257887
59214046
59201631
59103825
59043653
59020883
58940639
58929480
58646162
58606181
58575923
58489940
58385525
58319665
57945044
57896697
57678536
57562260
57261503
57233507
57153831
57090013
57020905
56898532
56852449
56802676
56690205
56683486
56652702
56648500
56485454
56194016
56177818
56058098
55862112
55658731
55580665
55539671
55426801
55352552
55344090
55316476
55255404
55181139
54886217
54817734
54773410
54646568
54599787
54492183
54476328
54439420
54433315
54429223
54322569
54131728
54129192
53986290
53972329
53963389
53960102
53757273
53375785
53339570
53329231
53134679
53073874
53071306
52913821
52893995
52635780
52614962
52464609
52347792
52323631
51965488
51961722
51953325
51684478
51483925
51434569
51140777
51016271
50930159
50794391
50637918
50539306
50384001
50330044
50287391
50239981
50183626
50159200
50146176
50078071
49853623
49834285
49797396
49755076
49635237
49572807
49549456
49347349
49300822
49280009
49271898
49258351
49203828
49184887
49012102
48981913
48913189
48861152
48747022
48520254
48031593
48013606
47883745
47846275
47798803
47685004
47607599
47483414
47466432
47226579
47185146
47125299
47089995
47055659
47029308
46747856
46421178
46377464
46201471
46193778
46075584
45746316
45742156
45733162
45652852
45405181
45404993
45351886
45032965
45028269
44847399
44762371
44636224
44633726
44597865
44484417
44390141
43891006
43859316
43790346
43618605
43557706
43325633
43253104
43102732
43096442
43076132
43011112
42894266
42765887
42649698
42541736
42366768
42282470
42245297
42055290
41970428
41952009
41834378
41771246
41754404
41721138
41719586
41681337
41659199
41485867
41485757
41425665
41422499
41271523
41170311
41151887
41085989
41073733
41049605
41029530
40993111
40898532
40800001
40724874
40684668
40555579
40431688
40312513
40047196
40038808
39959531
39815040
39814454
39620999
39592516
39523002
39317604
39239165
39193143
38937683
38933713
38771599
38726798
38571514
38442910
38316290
38213377
38050912
37949378
37939739
37838110
37837144
37627828
37566417
37463289
37399510
37266068
37260682
37180744
37152800
36896626
36702943
36589926
36546673
36503533
36343773
36322812
36281680
36236305
36223427
36163584
36052771
36049977
35997197
35994247
35981556
35948671
35910927
35904251
35691289
35617188
35570575
35426768
35420161
35337123
35322421
35189039
35114157
34964366
34916866
34421537
34294392
34268291
34204354
33899321
33896331
33729914
33556883
33550452
33415286
33286071
33057136
32926855
32573240
32489206
32229479
32182775
32139020
31989141
31722037
31572348
31467710
31222940
31200111
31041992
30789559
30637619
30626637
30490570
30411542
30406801
30335792
30316969
30249139
30232104
30215432
30209367
30152257
30051376
30004336
29809957
29762563
29435533
29147210
29038196
29019331
29010950
28968065
28961053
28895497
28741194
28735695
28510342
28264190
28139279
28131857
28076867
28068716
27762005
27689173
27645820
27533523
27280108
27128191
27088286
27010033
26934834
26858747
26760004
26591631
26446329
26444406
26314420
26186656
26170709
26115449
25830031
25622049
25506805
25462111
25270781
25043363
24994372
24954625
24947554
24774302
24774052
24663202
24650912
24487332
24451985
24234662
23984380
23978644
23946102
23572330
23535338
23499062
23494002
23493801
23296014
22975800
22857799
22721493
22695848
22655635
22560501
22526351
22519523
22480998
22437048
22394778
22183575
22123900
22089844
22026436
21687172
21576774
21399496
21391203
21373731
21353909
21304938
21300153
21226045
21096730
20976498
20793079
20722754
20601600
20588268
20441157
20220381
20153086
20105189
20050762
20029737
19848061
19822007
19481955
19437943
19430909
19411921
19017263
18942670
18876827
18873512
18871517
18857553
18825798
18678871
18623875
18540893
18396732
18330477
18320900
18080027
18034735
17931286
17839348
17576856
17564015
17448393
17379186
17370803
17283658
17206740
16876094
16760117
16739761
16674267
16467028
16424953
16262179
16224140
15987797
15934205
15526297
15486999
15410558
15265948
15140919
15116942
15073616
14981087
14950816
14905748
14903673
14802643
14750623
14681672
14294870
14221880
14154029
14092392
14070667
14043102
13536103
13338182
13174197
13096162
12940034
12783373
12488223
12481844
12336057
12238965
12176051
12160670
12154440
12046351
12041567
11571037
11515815
11512603
11440308
11411250
11300704
11273186
11247926
11176653
11172203
11003206
10756699
10689188
10501034
10356645
10330163
10196151
10142080
10028604
9744356
9612891
9575081
9269610
9059917
8732979
8630813
8619201
8497194
8478190
8432105
8401181
8251249
8083442
7904177
7888812
7848074
7642595
7520493
7443655
7428396
7156825
7097036
7081106
7073681
6963085
6557005
6377514
6266853
6215478
6201638
6106069
6072604
5923854
5817231
5677607
5650697
5616344
5582484
5558409
5410709
5402135
5243422
5147445
4999268
4922381
4874668
4820413
4799600
4485709
4303996
4199361
3905658
3899405
3836016
3752903
3689698
3682706
3648956
3625603
3530735
3391798
3235770
3224523
3187484
3127580
2812964
2711118
2642999
2578067
2526559
2320473
2014299
1992792
1929311
1925336
1838693
1823527
1752257
1627698
1616316
1590554
1534592
1457435
1420862
1374530
1326977
1279092
1088793
987074
881862
345908
265032
92126
85873
70663
53594
9379
