10000
47089995
4199361
699916316
130463978
208230955
306193877
451586324
273125392
524221513
400647493
950497759
836268657
946777733
732959193
915667183
396556184
53339570
611357538
914430179
616463439
895797288
32573240
732322410
4820413
378581386
247658159
621833520
306975526
605618736
857915134
30626637
810679494
268181631
642583232
572808622
456559063
226680298
822340957
781267949
129079354
337250025
57020905
156022318
249873174
857112371
25830031
662903509
527280262
571164530
663151384
583105141
379956671
299355347
43076132
929661182
745881886
114867024
645740160
664097125
224934179
396409481
764553016
326851927
781018635
157944449
961635729
959053807
135589442
953734638
206632276
714831026
600817544
671237565
726534529
680363856
970571152
602928252
479165842
59285261
268974268
451801443
565951620
586304668
550816278
4303996
499518621
298904274
358658278
679840083
97214244
272321142
51684478
565256015
104093837
794488632
498063621
447167310
183482881
533626617
820793513
702947007
352221845
164879893
617747477
845400700
747932234
328723299
602111677
491428705
63041312
524837646
810652790
728560201
999336556
398516188
53329231
157096564
826547379
942518681
918942667
373694115
400352333
558416328
41834378
783704839
774546820
476523221
70048989
253095025
776400930
60969031
555255924
485006740
686288765
60753286
199908821
566218192
673968722
248923820
262922674
260800929
947619735
529755202
527548431
469827520
326062357
123816683
421664900
483278517
19822007
661897579
789572696
214612473
338474564
636881232
831733600
430038578
468183590
851584663
724464474
715961111
113785565
720414585
940112235
21687172
554851798
762937120
546479205
514089327
103920831
1838693
47607599
665308854
280300232
423186314
496849770
137743076
373941300
669297628
745064002
87382621
528939802
374337751
941973053
905350618
751668560
234956329
661028220
319936959
10142080
255939820
24994372
541252344
130077114
152031724
443049388
726632133
849986156
307465224
412048771
259715964
49635237
891250552
576572452
578428722
351188614
98055151
336352594
931118057
427246341
981120859
527681654
468451065
644555834
430445606
327248901
453463087
753996673
491502448
764673517
989081465
400621912
592690061
465378247
650856234
115604311
639918678
672631007
553145342
632059517
583785068
976928904
513586624
615796808
625005308
803676902
454962431
578867525
617680226
335261520
774839924
650528141
360021757
175708011
419528265
456194939
98884698
964741904
439194465
662703096
491578564
777625103
134763734
213490954
308076633
703360582
915993723
749551328
621047438
255481000
879322820
682233973
491460496
974802191
743367944
777097078
126403091
723090541
527683396
619900141
634363576
751717516
879306118
482807836
447148758
261102288
799016522
691298108
16224140
12336057
844236636
90286650
546857249
95803885
251674438
864068707
775321274
242198441
245775042
947265960
754441168
140815175
636513149
802309716
930914733
139802355
954048560
40800001
89559551
767098985
543067085
689993846
665520566
45742156
37463289
652041581
266813258
657355403
960630263
317152149
201288542
588723176
666657695
525537739
147119801
535825492
947024443
470532608
393868998
99838511
991078573
105977014
265140602
284579502
490581132
180369249
395331694
978272310
718039648
766621289
554556984
49755076
186134237
380241429
537886391
654021551
282370331
854371260
44847399
476131721
551154262
865361394
539755873
519977491
586035594
566435877
413226478
919815038
731312409
572476597
697220329
665057100
680218196
271527515
818950826
940269003
129704048
733158800
470688719
739771295
399006516
632865453
984220983
207969728
819651478
674255055
837086824
648084338
746423366
306683425
691372848
462665987
999326607
336442395
514552058
100408679
786011809
364144265
462836873
143944257
771895068
904506211
403267292
610387757
800870823
172095854
206345321
327839653
906801127
971793477
242592306
77499893
444744355
230067171
371667298
693359756
201282980
803183446
239566937
24774052
147104722
612055180
128185232
235323737
399340645
972906509
533180872
7848074
807153497
189529541
849719967
618474119
996406689
587993792
894275385
635695453
727906414
182547931
223645633
393718216
246368246
353373932
308639852
313239353
652988246
458235392
985980469
927004729
10756699
388265811
748676889
606891826
378731420
236508642
184056730
331483963
84711004
694800120
280601880
928140431
599180596
539859022
566432515
66727152
346243819
738483194
790751904
88239724
188822671
254948935
286105407
40047196
633249900
270671955
138526809
255394695
211548511
173472150
56802676
370500733
638580834
141288310
731126682
901329049
35114157
285559632
895567928
370696580
870374243
406764523
897147348
642989883
829572135
911506326
655357509
726368512
242681152
874325510
251314283
381690796
537946333
20220381
960949693
274670983
371923474
516153386
458786287
824696677
401063109
813384817
245549271
80564142
413955112
980458123
759167372
456576002
310759553
59103825
8497194
362111648
816443449
971897014
745353415
424152310
340450766
977389930
983759565
406566610
563175445
263076639
646985000
616777439
268406157
894501205
620811732
908317918
627249108
916679529
798608615
210899870
270999852
940774930
431995179
860972003
635440554
365600810
18330477
890813087
675792123
937522980
952323343
651631914
483966787
317278071
762109817
907716098
335456317
301557101
906971005
185483766
337213794
653201477
256686724
273604185
964070526
520841369
574019788
614328695
713599027
866199674
575435222
269917548
9269610
850627793
880622615
466933856
613477863
3530735
876294820
871715566
524487180
631204537
206137510
179106705
707851931
82515896
393305871
675589666
766803310
498190724
643713934
416809864
551162404
111590060
181664971
372459144
159548743
26186656
720076523
362001233
812622980
122012384
890652531
930136436
285604562
54492183
971475317
785911337
860177467
905274304
343075459
596692950
144924865
516997074
67661335
910787051
528575130
173300045
800483098
992106113
511867363
179322388
139963995
814061566
347163226
816910631
999740248
559170453
904949858
425695241
513068153
132703850
692778796
739172939
713273709
364819367
165026365
20793079
290751238
782522600
294972529
472436988
966607812
328142964
465462937
603973935
881369850
5582484
41721138
442669500
800141108
773021776
718481923
56648500
300462194
857213202
550253911
775440544
645201609
737380383
105535625
425145738
105449482
727680367
4922381
67990405
439956431
139386190
852759591
16674267
524733577
532314667
885809672
456329431
236890362
879205732
171199878
512946974
297135983
660932574
500636449
965591003
978112768
767221653
314249537
343312176
609641630
220739659
574564213
123895726
591188793
811565208
87360846
799143194
204857375
752338809
923715268
111342098
697972352
423503308
714569963
5677607
114787962
203304419
961352698
585563258
334495261
388774838
122539921
37152800
335373994
116827058
109018346
580451508
68095512
267847325
173564735
342603489
412904887
131008571
41425665
874361631
898191848
516317898
813297083
756629742
374807889
974083569
984031803
101096123
637551362
717302137
283868907
346259735
778742016
539682058
722242544
88583497
893560234
616383928
524379633
477700183
3682706
586985084
286023618
414627509
778532314
274515033
117001545
497777297
798862088
492848256
550138273
956591812
223366871
853317958
59043653
271505553
587316470
614617005
584720402
518812329
915077496
620530511
17839348
545692819
379892249
867951482
835543489
782836836
337131167
663182349
641050138
872193758
50239981
55658731
311356824
971048897
289232098
179882444
379192714
731511212
116299460
243861710
383756125
266112580
648123160
307817832
818716244
953662636
323919232
163262002
499360949
515656519
45746316
209434502
269317139
161726135
966870721
890039084
563700038
622036887
283160341
582224791
365551054
364743069
205610909
279403022
161333871
716273620
621891650
937994045
990671680
337169425
452633069
846247547
944017433
826350477
509790738
136352879
326174636
78730206
131860927
479798882
200579869
137241402
977986584
587449684
96700595
3235770
789090522
761791988
272501377
43557706
325706766
458910266
884964206
561475059
296444155
922476108
339413776
305019331
4874668
494223814
499631668
425694137
88162485
407006148
511047496
349175289
329681076
273534464
307782032
705578357
454574162
541712080
429626993
467952037
637022932
428867156
68419090
570629637
988013506
307871240
602474041
716893359
360631291
524928853
538341988
874003564
404747941
20441157
651989200
518586006
510116190
891828380
144051099
361882158
260059229
76775274
835221561
737632565
775288243
927118856
132838860
543335213
486848559
459637717
760399964
391181862
513456943
113817810
389492163
567505704
656656927
236142275
433541728
702135792
761871745
79446746
576980037
248254181
472440540
168271951
459869803
724422957
730864001
708289204
230491806
370956497
934891508
3899405
609922677
892437616
325078893
118210784
865403143
779470950
314442244
135465113
941168588
230162795
325159247
180477991
120420886
593687494
334080623
398801404
288028394
634347061
841860980
644719370
649245471
939587690
143191790
88391227
49797396
566918942
929841048
681695545
38316290
255397628
626915247
572384607
126200328
313228109
759971638
66638870
729785047
297479652
451304594
338980932
761985195
213201848
616183309
436468574
957139174
388379923
39620999
489155478
49347349
489173450
752746951
326812791
419918136
8478190
425526677
310470444
767133509
381426867
817224304
569545518
714278039
845542349
576494361
392053582
881305214
217568973
870631427
407363577
240609769
392810868
830809020
513890072
764281902
599257790
409150480
7642595
959153574
748406340
41170311
651933870
796657079
327091095
806956312
99381678
12046351
102676407
144529919
300608461
827156175
277833460
524075577
218664175
851029243
43891006
177257509
211780668
609818314
703010014
350418118
533749460
429445338
613403225
137906733
803990544
423097254
759030841
865663829
395231306
263467930
800128408
37266068
175872036
117063850
559862596
571810997
845420675
959873709
638571295
654754623
209861665
858894274
389169751
939092698
898702841
227408731
351581069
659852922
900709848
427186660
378250494
729567182
39959531
363976175
409405705
452598089
780307451
198936072
521573243
919255938
20050762
396581889
487275323
872425951
345537894
87201523
655147467
962914629
343978672
508795671
948122898
70663
54439420
111350491
285169256
151184210
137492198
834635133
839526572
331550086
798615317
373895192
425207544
944409069
905218102
111561182
21304938
948190990
783965364
59945707
141072734
954632054
413917301
623881087
481542006
291702406
422380500
249300485
206128458
635389455
28076867
288802283
58929480
550384064
210428469
866752115
560787774
511030649
197784175
508828035
254358757
251554548
11172203
639621731
884323194
571523284
547707753
849152518
704114788
94308544
15116942
220102557
270727799
508065785
274422377
826547159
765641452
224260685
948559282
377389224
961250699
766380263
760715012
97021416
471926320
305851759
41485867
99852770
150305489
926440360
512182742
678523330
602307504
565643050
755401014
924106358
319507530
689760650
436206166
31467710
436354934
807128833
4485709
480679762
821373752
210891749
65789156
55181139
729630356
217232897
536239925
706995242
557274067
647673203
897659465
878852496
611422791
988061059
87882339
974081934
822996218
672747957
981103077
552510226
645942528
971990775
375396327
708357168
448338822
898958661
442307688
938815291
459539299
292009618
296609200
70138595
484771076
637318109
384568198
845866527
768463655
740653957
146537500
535346218
14750623
678918107
993154591
678162962
383097894
509759302
254572345
586191541
805493845
925374045
937783962
212158965
78789071
914359848
369309213
24234662
70952056
180022873
584096165
974414915
569362437
840808610
49012102
359030329
115271135
585249525
389638502
910683143
967524901
747992006
481987681
131565007
839849106
399588718
825967450
268483779
431627546
791729158
83433252
340822501
128181543
483008048
416025745
109961645
10689188
822241158
830294269
976170759
769647093
625044564
410115106
599658491
248113429
828742030
2320473
625732495
274758886
69838551
228809586
190289019
208479271
710119880
714266577
312402967
240029677
348032559
291968554
261112168
224518548
612017847
220101637
99684114
827906494
283308929
585479726
902739682
284977508
848494075
714139834
944403755
256669685
336826682
752201396
644129063
845421438
181507317
114020404
702296470
691034582
764523791
352323905
1374530
67432286
574791677
5923854
821311971
553157699
153711176
996037878
93429334
477051243
916335631
593811841
583633755
895990812
349377866
72211024
209706554
549220865
950507007
804232195
268252062
237730870
309143150
243357878
966309944
345920984
990642878
542456831
609739517
923357466
21399496
653428481
88847039
951717672
795941517
332588713
643684587
557515651
504497399
258166509
681279177
993955067
609380868
380795563
267699655
218924218
719139840
969598580
458224298
41754404
323159208
275009180
59315272
425295576
280369929
850592032
668987712
453407293
93330347
675788021
154168934
794852431
280695202
657122005
241024523
110316643
93328087
786455224
857991581
258905342
1929311
516557301
284896543
401095524
933005114
146478801
43253104
599700575
271423655
958789344
386747588
220951916
607708164
961426970
460917775
661193131
606597558
756179479
554929023
920988900
632763654
822108527
946277316
492988555
591812458
228679158
29010950
819690267
687879267
503724565
971909098
671842496
478212340
313010986
992302548
920233227
109833689
289593388
733370712
834296549
293398497
972417443
53960102
181742164
759261913
143639118
601100516
263966288
597410006
917314388
428937794
132258484
200680334
520709428
495778118
81489982
285034212
304391532
937487578
542099697
5410709
582293715
440533811
611778540
645339057
697604908
412873435
701638465
154295319
813532034
492365682
479255577
313663928
336703031
268378584
502701780
454459995
257349662
412279395
511615418
554594746
278398185
329273502
744524951
231627201
937210076
328913433
778741922
937517344
459987807
397041915
830947667
371656555
132947245
893666703
480547438
365732212
56058098
360721588
488254065
663612012
538932922
592161874
486900775
970426378
225700136
957736567
433742800
651468784
394203027
757140496
942025477
837985354
154489256
306450168
686619545
771113284
774422202
142591339
33556883
621153536
672999146
540264681
127174321
541680428
805193817
371779648
617886004
112874922
787556924
302737663
957898630
280088514
615124046
845729826
649083063
673472636
181724576
535911400
717556760
709194265
69773639
337671358
602849891
986353899
112577544
269328597
760498272
200032822
894762891
427837849
718192376
113573970
548209110
31989141
951003499
769669085
759746976
400348651
987819942
773919512
104107119
126532904
150827409
475731824
719874867
714122690
148330512
548190657
887317539
953677930
861159817
17564015
922241878
681206097
951476195
651194142
759726147
345948645
335347140
242350249
625806792
660383893
999420673
417046084
843405085
826879539
300880532
573620745
174268174
891766146
126619606
41422499
338800777
247841979
894139492
202809313
794745172
487003713
636900119
145337647
293425827
875629452
200545487
729030894
414293883
311560746
278492431
787189885
820900128
231775886
381517421
156399742
73108752
836958741
769776769
677524761
104277814
781015615
238969801
688439207
180034641
181148267
564190682
139137417
188493339
348988444
87974232
18540893
302248556
746251567
498547555
30335792
41659199
446055585
366563547
267373881
938725851
259055200
952830247
101011580
699443416
693315112
521830311
657188592
92432595
889242832
277509485
481822523
861392467
890818394
250920404
431718009
872289119
94898479
452583182
19017263
359713376
669117522
941050961
140348457
656925674
743535671
119471117
598740118
634564524
220074811
587176249
432641333
298376972
644690805
825805029
844170130
610629676
728938950
738268285
130668624
732755322
258608028
37260682
464825932
26170709
30411542
546790912
615033969
345442560
591385439
591555503
709011998
988961240
951487598
171362522
851869036
712533384
495157662
506544707
667203711
551951785
296791768
380645247
812285397
429977110
625836039
467412748
117199878
953551366
951934342
18871517
862749110
365657504
177756697
22123900
177912526
885448193
54476328
678666378
32926855
82328179
212186881
532389973
184776632
410569213
680723333
448259071
337928689
238415836
620992408
131635186
736425227
78085264
178928512
112384031
690535179
177508678
11515815
297915379
141035505
84849186
687049494
71810192
506523210
731129561
469822066
449784270
399308506
466029329
194538581
313005441
213285469
583206844
707801254
264372123
864329071
255263498
120247830
241298062
365453437
143175010
727985283
821589177
788836848
516174111
542737964
859228812
961424767
553252232
863330617
857833294
653675284
727730029
638318382
33899321
70168047
394553803
577801365
357917758
482036791
264806672
400029340
943243271
94506526
488092751
939750712
524915356
948825506
397246147
482903085
112618922
83823514
22560501
907625516
471628384
43011112
802475219
831122429
854777680
253858132
184669272
937903446
296764188
477883348
292614210
165756346
841503178
104555149
8401181
297499433
806050864
481513384
178011170
253856937
551145245
118052021
987475114
513768942
967939189
170387559
293668520
430549790
710761357
977098240
959653840
824327666
21576774
94801003
177479527
887392511
35322421
331070375
812129382
503317362
894255220
799206747
523856779
773590032
704411814
102783814
38442910
312048360
823749808
130348679
346282060
752950169
334221275
603908637
521420598
86857603
36343773
780431603
327896467
298459064
823375621
564941087
299347652
531116741
559225777
416143446
675523563
550743707
321235566
466881217
771305493
273204787
713242867
583094659
485630830
99544888
23296014
144058514
669131241
938372628
798660778
784417899
728245770
653987715
981445212
84284525
269516644
323304866
460721067
906840265
733679951
534000037
761174163
711432784
938271855
457234197
579948604
793991176
584435059
249570951
691863720
515662891
201783973
574244016
783452735
913085894
635972346
375092466
539754170
656318479
374439815
696363819
885226639
576980143
559235573
122620215
718331653
520786110
884693666
616979963
905914413
404749852
279961343
937019163
859947357
787491511
579254668
290287062
97975771
7097036
278218910
650024160
648724781
767301721
392467401
299083464
359748994
250947310
538891793
621081252
371193437
64024140
685904772
360766849
444883452
554894960
572677262
679782986
647018439
297492037
263971800
18942670
67408903
367995471
529542179
206973082
854210218
224438711
232782152
201636307
178956858
592778010
40312513
438927698
908118097
637810772
540272496
874628290
98374621
651651242
456758366
96115725
291474719
634860727
904182129
298009984
439877323
873652334
948890486
887268800
22480998
416812348
139598324
371697910
498501470
797054201
558891865
711583400
494818271
941660532
558790948
156891359
375581100
563267048
12238965
548856708
224059115
796067764
2526559
106561697
998041018
504476656
605790693
629408953
758920512
436177680
230025720
903901475
46201471
752930834
153333953
676569428
551406949
860943720
924713135
829682993
368276929
725708464
113954927
521403556
792855841
89710590
416961802
776235309
699371218
327085637
864730489
826875542
768235010
84460478
299264071
807733824
758008465
978014801
783433348
802830344
915827072
33729914
924959943
676974679
752158724
788733010
914819464
741287008
146551156
952079912
544413181
55539671
125910646
580624171
300614811
648803003
233169764
368910702
34916866
14905748
972152314
592552011
308905735
905558054
543439403
937764941
582315092
301505245
84592273
116295522
49834285
815140635
39814454
473945012
908395456
656120852
861774281
393558711
750400187
211721287
565070182
692009399
350155953
757530989
381722307
16876094
903723129
696446338
309753254
131944653
675865529
949467852
910859592
464370635
56852449
951856737
55862112
480953276
106746101
436509126
835765475
333155544
259151650
119985556
956494352
204996396
271180290
289290621
550303697
516582852
24663202
193550900
380702635
954965043
452464826
181954497
527953877
827262635
557939327
45405181
652569469
529142441
558480263
61466912
74360162
893626709
216520352
587161350
104071455
91220207
986637359
311467420
895615404
928890686
482942689
743943356
657675636
989810163
360412117
549792539
434508499
771315922
221912055
805708320
248677930
12154440
983531146
645954410
257448460
276657403
697537493
546452900
711544580
720958853
20601600
454065333
528623791
768317321
223361976
335899031
446877151
311016337
474549792
587818531
84004186
40684668
801281880
594311629
949177927
779971668
603655045
953886271
13536103
961387121
506519578
160336742
375513359
92771158
358506846
388477164
517805564
993589907
988909543
40993111
336119729
418791924
20588268
733297371
688249417
718422495
73745172
390631032
734147320
526481696
557414892
603185389
954552664
812798805
498362703
358738528
896429816
100851605
935105430
393706870
769199601
236385941
634847528
510066494
751468147
77163714
521485551
558143371
200917381
252040067
891405441
940913296
276371461
180091073
785788766
792642336
301846815
451152674
131863397
12041567
181415846
150445585
589308817
731711530
751923132
250626302
229732150
839461036
566367568
324649108
390908122
749952972
972573802
926421032
431646238
3648956
261251136
428445785
197734155
246981050
163090836
404563791
103616082
14950816
671567246
688869197
256238662
560575588
784415479
706103207
405078357
481018023
573071824
164881699
170840010
167406906
500762972
400564060
111511007
970679631
607325844
730696304
817220895
403509411
485898858
707858852
470616839
269781091
41485757
597911476
442957083
35904251
551445009
586714421
739493742
535319944
36236305
611686657
397620418
214742368
219594262
396367900
577624479
890856227
202150476
61701790
680983363
421609701
135824213
73444545
17370803
559794371
922844667
470499718
817576838
354727259
748080346
687440058
208771869
24650912
870826203
803061087
247490874
732289977
825587014
632424534
446952393
655833757
424299094
679383137
652302529
872995166
746924797
682299998
55580665
255735927
407836684
192224001
771341595
2014299
172674043
845009887
851187948
47483414
363186364
370396010
820943741
117214581
714347748
554319707
582156594
238429784
386000814
876395278
229360738
232318904
959346708
448701677
143010029
159016232
587286784
609311234
423590972
878140731
114434207
952095937
225471377
484128749
806333265
890247444
613067654
293473500
425799578
394585954
449525682
500710302
641387202
444692701
191640728
931960892
382210102
372404417
185211675
784606294
337327605
498191143
331417315
332772621
190297118
118544242
412156980
684574345
162895313
701214178
48031593
648256873
563875444
305714047
344094463
332220413
20105189
206101437
630894512
942398986
397131807
555495351
681538593
861451159
579702281
850229331
977921599
177975429
227979274
914975742
174159419
369651897
946316709
997809475
815610816
512223529
44484417
429123269
878241887
251292381
662690421
428430496
181269842
390235702
955887260
375537044
271746160
648256549
754367327
808444528
950709947
835310180
418485648
833873822
463431018
600491600
454131153
330666310
189716802
160091389
865943241
904647386
901436984
546220833
366734601
785115634
531488106
485254188
514902657
200065324
374219975
808875674
303051563
936139969
769554748
368393584
319314395
216004129
644600176
431792743
733800363
284253638
399459368
523288781
18034735
567976706
85873
374179962
442093958
839874824
472905919
667965777
297996476
145887587
232679001
301949972
636330765
91803942
486716604
156656125
386976493
641720295
863729063
450750711
838411656
139312285
630703636
268146902
167418528
705408135
17206740
547774795
63296535
827217158
937617144
714770981
594293882
53071306
927516862
786221372
230675175
424953247
718017889
682583600
624275566
699386526
181252014
247211788
243221179
803819716
950677147
415961974
560204171
361886922
55316476
734388364
978708454
397446797
82303862
705028819
638958777
417910311
748457682
786511538
223605389
755751202
276183979
278315428
169333753
432947780
684571106
691500472
865716289
799189666
905019629
652426209
761097793
658640841
278548609
686443530
600343902
323467170
691266388
940437410
291765922
784398673
61828069
833330372
690984749
683586582
934562757
658825353
26314420
64128642
935470278
972007764
697858141
680375085
772457777
604958095
318682777
1627698
626740486
934130298
120712740
914055535
406875197
767602241
768184062
469703609
902088681
14154029
76803864
908467763
746784513
879215368
130753858
698138090
960819146
494428792
79526654
240045664
70845342
477675397
341392414
674348419
3391798
862054684
581686069
22437048
222733078
473630810
283685261
266497788
371339127
250775169
927121273
557030742
243100673
800976160
571195390
668807758
533787520
93765337
343551380
146037748
26858747
695888435
904112245
432112009
931871764
256941205
757521319
606527660
93970757
776843927
221374326
296105980
372643948
654234013
384764022
356286075
919517314
32489206
862854189
210237367
557765367
357480814
841962245
72101048
887206412
41681337
506989223
210118067
874678443
388030257
101340205
657785125
15526297
160473043
128544619
330815442
422374902
292799612
783375027
626251021
902464387
378159145
838998955
597247695
101090529
107543808
570652661
808981706
107445351
978089932
455028634
841067006
956082016
162725497
940351606
925250949
705643332
657606362
573443378
442491648
173054607
605454215
796908052
167925975
271420763
562918379
525971921
694210239
365538854
308857296
555695670
770201482
624725742
702983929
154466681
547128552
861964035
739574744
946778050
911441619
299917640
966858256
262640237
207160342
715903085
150649335
515661866
50637918
827525984
355996458
744875306
446979769
645047324
455169981
508636948
764098641
679238365
842938395
658546308
804148543
567722937
523703001
60771889
129420295
91258248
126028850
847145907
867359198
210459471
927667788
870708128
168946249
269814563
43859316
468856358
163164832
230842194
250676626
929957677
670245115
886510526
763773280
985388379
41029530
949687155
904172163
997164282
47798803
20722754
334251423
362630046
286511020
42541736
146216973
956461614
769185233
581455029
770817222
331662154
274109315
62136660
870926630
267862896
847739684
478352033
200193790
416125842
570710635
18825798
379714412
454786609
624354312
948830519
454842611
703298417
371197059
288215224
988122490
161801658
851873544
744422108
870217132
277524099
92631662
412795676
871951760
893711678
818421165
26760004
523229273
246815291
286576371
404679452
185994667
192745221
240776924
600015290
442534047
959360170
503376382
737284901
824184545
362620010
528356826
600303548
484863546
859504249
555705198
824601033
105263107
214710018
7156825
64725052
143584766
585738462
976990838
42894266
642947816
747965412
867405920
640533292
998331172
951362623
41073733
932703669
894726217
120718785
492978552
165695737
732184323
84867215
896417678
111154905
649312174
741009347
512053618
59705994
71746558
323123685
170248375
236109583
937159411
831723126
947547836
564001238
67534214
717556894
491974692
296087667
421751935
330747675
560537117
398641203
494550752
922035910
15486999
552538328
282529079
1590554
23535338
916533813
792453064
147460097
308653995
252066020
651921869
542826289
625818456
135681072
210619168
554002318
488247405
39592516
305925719
308236487
288222578
338364632
630358912
456097107
636183679
753840558
982662927
720288021
408070412
360279059
624027986
498791374
364599054
331909543
979466098
124488146
575032475
876835474
437066895
143491538
527852991
558056091
264421122
166259056
866045293
930339432
782482437
114503952
850697382
621823372
690948720
717137756
463357665
618180139
770585403
549308342
385643600
327780248
238649535
997937090
979050599
407765241
505075414
427799339
607664393
70410077
29809957
97194381
772222655
98227802
159922015
187097775
836852197
800843313
530429656
516399323
841510110
130555400
181141434
222260223
528363850
715557291
196212509
860214160
299352654
758907165
880246222
204762638
979615323
54886217
608460853
619601276
76851446
595880064
567257334
264026585
118359151
362574501
859235835
159679329
297956625
955687121
646830560
97804302
726168903
882916683
763692596
573948597
720205922
549540058
613502668
133882600
654083959
396904017
875001605
701669473
480627536
187136508
446467560
729452138
104159605
323455850
93887938
379828489
978667932
962522556
429119123
390308955
507991901
443171107
963581970
275694169
426545250
832476281
62333648
128328263
270222964
599095214
761565302
481588637
430334159
327850653
991029745
42765887
98807752
252456278
325083908
75423501
698908303
367405967
98296319
848566661
761029919
123593178
471842206
597623070
852849249
447053635
805231352
914603610
332219456
878436032
391886866
937627713
869021489
202684265
420292034
521657951
230449767
893787705
568733071
137747041
183883096
479651622
751222300
417161516
804087846
3752903
129529756
419338378
578789062
55255404
966658362
842553324
93090415
646429237
110082603
983426855
796818130
504419658
485419357
498307356
729482420
129198609
351827893
940298569
412355025
502539246
907232377
151152576
737587544
124215297
377327819
485544750
935149865
33550452
793228533
313113429
511064089
302925356
871170078
531509293
102137348
241313852
286750555
880674362
193588825
773158696
551877608
496978690
90163443
869467195
225549740
830569156
882383417
224312169
568521237
75887178
605751166
704750789
827005117
709931219
614125022
165605337
789975524
838741891
985759021
116212352
346484255
880929925
899542697
881862
869470253
149484346
528422129
858042806
6215478
930787393
998641666
527573164
213582223
476525924
536469983
968526049
196025791
701649490
254059957
422226571
401181511
401431143
615920277
288201399
243318057
350425950
550840012
920290320
716444565
513064515
860178570
521951068
504391955
376650320
944863567
612493514
833821764
826188599
669169215
425354894
664525619
141544858
485599928
288371372
279660773
859209223
941530984
312690237
660836174
519743216
644119119
453267617
783783698
508014586
68412798
96515440
407230717
14092392
968711289
504218041
408930226
235906104
949850720
59620014
488175827
625692251
977013514
561823652
739753210
461029372
704504953
848935586
894989299
41970428
258112871
86975179
179183903
825730705
97494632
810506494
387411316
494926826
335826027
606258472
686568358
319170588
854624028
920494419
483650444
489010651
261103872
757916587
261184078
875492178
615681275
240527277
864401104
965495608
589192828
334869890
545578012
728051119
711256737
985720704
61071775
698645274
140151515
801260807
55344090
58606181
506035659
982402651
606218238
544828129
750001609
821617006
937037879
922156627
247716060
359252623
639793961
729379060
519790584
700499582
776621267
542037772
132238775
229061463
497422004
872303640
18320900
940764160
123579744
688724692
590393261
264318623
949156238
504225559
354420484
662885898
880877877
313729533
67229027
782600260
97013329
228963518
670476334
817809138
937717501
189429384
286257364
716021537
18857553
533810646
84746421
132527202
145037721
413738809
731157639
601374604
481626073
34204354
102211437
605787631
76380656
742815421
693094115
288366472
560499924
688552455
545737417
881664669
326724990
694042335
342599524
17379186
434297124
622454595
701651402
907805658
338890865
702861413
489362546
1457435
849051405
338498829
47466432
835661536
212543322
144758259
682703686
73406042
476550986
408448921
57090013
512997409
92322575
711953946
238936308
30249139
467071886
620700186
690488821
445064806
651506935
650937053
384439615
37566417
534089352
797774529
651325803
360173206
257024509
698993397
961359174
885183189
696291830
83688667
553838900
781449241
990348110
941166821
452585391
81089548
117919564
581566249
152710803
740442472
839574934
36503533
124836809
615673492
372250464
122071765
320639578
182265161
510187839
184502749
750154806
522060703
591492703
991074632
357607946
602356254
391144566
166878020
703817101
935388298
156407445
210450166
289393271
907960980
493765545
679233579
473391017
587222190
438881247
217994277
130271335
367476856
90775435
875387531
79834029
756639221
713640317
522309575
783427344
302500080
664607980
716410754
780857618
883923887
338980570
686863885
282553402
523511564
505237570
392647305
560561604
958341325
704570577
692874077
232962248
766251975
143494437
327493529
208920481
156955047
139092627
710933057
743445818
376801763
653320476
246706855
992436656
338722933
320809839
414175889
518163689
54429223
283104510
330276476
555701241
294697203
988220099
272902539
768244156
480356912
553270864
707688051
288735744
559653298
231839918
357995311
246332334
926660429
125140094
700017223
545948772
985927609
837977365
736708126
540572669
478602288
616218537
882735784
343364782
323688809
990654722
989560604
274080159
629302382
774271364
842728794
100875726
158150012
657656586
831441498
806679662
837148938
689777089
521617867
657019884
922956100
826437181
255476699
484346931
81420746
464037635
657755740
603243595
327078509
402258029
936002563
549879835
229449558
813504140
970292217
701499061
613866857
218620533
297836719
758248348
661543801
294176926
557232062
80817262
572328415
963353920
849654603
525657612
512479916
679992528
926678740
611357105
695326815
557719885
264522933
256609679
512326924
421197048
817825021
15140919
115092444
165524534
828796596
435428914
183285116
665878710
795319920
782161612
557813876
144738008
174441135
695154753
561911476
212499047
788847055
221906303
1279092
320127154
374593071
431368414
415564781
271338757
795894498
486257315
401632549
478362739
150709104
545903536
272485112
395361181
754497846
69441474
421623291
14294870
519252558
354700611
21353909
295555815
717168033
392955314
148872438
966389126
850108799
183411212
540585850
58319665
787641211
86558136
655619433
583313364
544583203
385930052
76732372
815337600
413859056
613313441
73063470
471762228
968438029
111826460
771640344
329193512
236449915
649125527
938362572
142229711
549329669
876814164
28068716
485853209
579042637
545043494
618456103
31572348
397748066
307582334
571470687
588181438
202416211
766897118
736998940
23984380
834490909
69525110
72435831
509266389
869750489
54322569
338638915
286262839
317552904
828212559
536468598
53594
862225138
452475644
562429948
840186821
945004131
849201814
992350232
653642103
40038808
361001243
74644368
732933373
430051751
791799503
203188254
641747463
373808597
374100353
899027151
616969925
72605614
831308850
226095694
708472639
774824273
484199925
237232724
874593964
297022277
392301334
159667381
618770793
994239507
522318465
785631032
231891349
633311341
558601278
716013232
341742809
267638208
1823527
300035497
694963223
600595754
299521819
666002720
219393980
604604758
560966462
988020077
312935977
395095010
936506357
560093680
102557115
12176051
330829800
497106707
554503434
639910886
967093500
311145943
846559770
791100722
181849553
250778070
919772076
217171063
846695629
349450758
881678832
673361018
226552047
495195655
573058884
265486142
660529897
326761960
356648820
185574325
466755463
511451454
980480622
705988743
916438006
837325502
202265581
287015463
194450761
446133563
985896851
264897205
959515118
135217201
73673951
368844490
961147132
642555853
663582598
665604999
224939767
378689032
7073681
293415421
663550839
118326232
519678058
233360112
444793633
93514069
913049534
790409879
642933597
69483810
658870990
595991081
87573028
78873882
962003983
349575814
382638392
755157486
891944476
8630813
395048177
11247926
127592691
102377706
300512598
207873969
4999268
949711051
972922519
579097532
146528126
172492734
697539907
328828708
978934709
499497726
76529853
649378578
74614865
900922571
279304933
314290127
377840599
386666831
138217085
755580636
52464609
193554692
112178284
55426801
29019331
803151802
508056200
324655306
785482004
341932202
601301461
929807035
291277043
212491470
649191293
592837160
111904866
323773983
264547265
115649851
319682830
12481844
968837985
647736914
260195448
228236077
224876990
906697862
697383526
431833141
830596471
720177582
175509266
547041316
211626814
277643439
666375805
130534536
120946864
64619853
848056412
530513017
653721588
707745174
770123386
767467380
163016050
924705834
164346144
92080131
201897957
907141882
355794689
536354004
622556039
315249780
807560182
898043520
816998938
680272501
573530855
189845107
965851128
117023780
859688835
900795951
280639578
314672293
830425774
74546560
176830339
919006063
188635791
654191408
11176653
323010381
788346942
114208030
886670753
512991051
730476070
685165855
978871841
713396606
496581847
999678142
45028269
443803645
61188881
169371856
875532033
340188766
835740377
157379586
860120806
316988988
436640460
628909406
571957956
38213377
816486274
678674841
504525631
918418802
426076682
667787346
286919433
754703735
234517118
959020486
995508037
740590117
331181652
508532865
86718917
677011283
201014409
494733871
878636976
736370720
253953753
489172354
433508714
112578530
258462224
69051754
763861841
519324381
117268523
709230707
192949204
410841693
21300153
872554171
239844607
245344601
16467028
165175197
513913765
583927812
137308139
560925398
107949794
144211895
700513852
96880682
517142026
373144385
559727669
215164590
669951961
419728588
271378670
471636483
733206423
161742771
704593176
477975004
894314050
897088648
185984416
545704433
837429582
598388929
550562832
515628661
520508635
981504969
92198880
913276795
862787528
334573455
262481500
945816659
975297078
624405981
501741859
450712999
971366259
577954901
943211669
971299420
995579421
440849431
877383267
932644219
592966297
155049691
819846326
335492464
646974655
874540221
840134999
780842432
810540232
668702552
139130334
134257126
824312992
520132114
311972920
989643192
749251480
118668784
79828478
42282470
217902324
422536066
309120832
981288698
579792401
322921065
303518014
405256177
508705848
598384194
657652157
111033112
120745912
582795160
262425262
198256590
950008596
399337980
476234485
731146598
183334790
497763448
611702302
75611221
798731873
156447100
151804866
852867999
28895497
415649301
292926211
409128601
684204245
136312408
959754824
335479285
493439153
568171824
745487035
902992997
789369471
663893049
549887378
260995274
18080027
144297005
30406801
679313741
134059649
864923451
155653216
495604604
67604144
775705577
261898994
211573886
751120142
410393536
249113221
314658935
12783373
200467362
563717958
205819769
237549353
437416580
314450435
617563652
638445098
676519752
817397055
948351848
544279776
744190466
18876827
587955873
982920396
142603172
937073478
957282526
195299991
823527615
368586096
498356561
891625199
110332186
830783159
169113267
154051396
325062498
118700328
238087315
973274660
212413072
509650456
443652176
853235344
723359027
863121315
380488501
913832245
903053638
84665275
143759828
805083525
329761654
915983864
250946565
432268893
949589434
184753889
431405079
551084593
761836570
355750829
946500677
98114300
740497179
984284517
742031252
634675594
521851855
298812191
804187646
10501034
496093816
381174204
76794673
650059050
656338558
49184887
107775513
856063124
817040340
878814190
694686033
914213831
333208062
336622509
986063892
844778052
864821364
474422188
13096162
97935611
839741911
494632815
488673323
836385073
619092627
998295722
339326320
924411255
440898899
267077790
502698696
363036216
946632425
280977861
537815126
319902951
970801109
259589034
937376341
712020280
853260941
570949820
561156157
226867168
48520254
377381218
653793163
57261503
813121309
606754840
718309613
155921317
915080531
481362432
825925228
137512709
442791129
405511541
887820145
595657849
402751495
538556355
654592197
130065328
50930159
355625033
482879795
64824566
783802448
450716099
147405621
383984747
273709975
982676433
304338462
679801419
619522901
81133607
151626802
521201067
997148488
526443595
791157525
159237994
414752181
35189039
216328966
895920729
509054533
149599415
512600043
530891560
17576856
294280155
987662513
856316074
488195092
758517936
25622049
156572355
235920557
877814587
721616066
911278834
307236891
592811014
319800345
344743371
321651818
934355235
731358825
896444572
94575721
67984471
114739495
417102687
394494190
78856906
511291783
384943142
114343368
174957618
399371625
793125084
517665764
384598625
467408814
524919297
507406881
748276515
260085151
831123839
999290952
564278331
44390141
974559444
221979187
194725632
492715847
548843132
507977567
50330044
500160996
911486510
185716493
251994092
92634574
742460671
96178852
413844430
702272422
637715602
195120258
288778088
716768176
668011894
729858420
542715346
814090681
839286437
941281815
591495654
983186037
800705189
783348989
132993503
857334691
41271523
783727687
994302662
550961920
456379695
604683263
498900030
623974597
473545269
570517176
350812478
625384948
267873985
230161962
27280108
727700529
761479355
776497939
95513994
452949897
885500290
868695246
685256972
100028098
895852067
641374335
5817231
5650697
626123795
137355026
921707803
399436312
931448319
802303678
156720708
65415005
196148938
178472258
112006304
987296260
488166900
215832844
967402021
705476687
479451481
53972329
734636516
903322373
292295201
958779655
299690669
64735635
885556363
298740113
535424589
616010032
351998480
88157567
111360026
653420875
421293385
198175484
444524790
790732401
477617461
551470439
238548885
550047285
819784484
301298985
723437431
899071133
658336701
787073433
375368706
723189686
451307364
849352503
573672045
498689790
496239313
197291376
760947572
51483925
951969016
690450297
257606276
251917588
439202338
247788296
809223156
976507606
462851559
541007510
757218707
569111005
996568254
656768228
609170199
537238508
876357723
893926247
197176216
82485253
731314239
969087010
268043312
61588946
701109060
221993391
923646451
847785776
838158337
280136896
806510861
937695743
28510342
265308090
111536238
880558499
509592411
59921236
988036613
668142711
271400143
162447603
227462366
35426768
941437177
600729290
270393123
239471079
265798977
30789559
66540457
613123657
419091970
332394485
948543083
128849668
618182201
77349999
617222319
27128191
580340121
379658356
693014840
728644267
246369123
936496660
832273391
199451179
560399223
176272986
180235166
743995655
699293386
622192307
820105366
553082589
293710211
396079141
799825219
88001971
338826134
624180903
573801925
266311346
246920766
804884320
612997469
652581902
603247998
381527547
883400564
428219264
541026904
918466578
601724117
865122259
712469507
340730142
477750097
397939143
920544679
665900669
936908082
798945775
254022346
101900560
560330235
211780313
773160056
981614648
835159164
249967829
361553884
782895740
243361944
69407398
238516767
595957758
580664554
54433315
434281259
212430779
750548416
294939351
93290050
549319302
400665041
817562377
100730752
180486097
375138303
563904713
485702789
510183892
871458102
302627722
133170703
284798573
947855864
382197113
753198399
718221715
97980792
101925635
546789945
987566358
745288539
361028188
477817054
28139279
993269154
983854552
252246489
514807965
290101635
117075511
784280767
143522911
470331731
735340772
761031316
185406649
841208003
801559843
741139224
715150240
648054424
6106069
265408425
617617033
736474689
142161491
691782925
193515298
83974195
680037733
489258074
379045035
9379
751348575
641919457
72549132
215199759
106252219
383282689
546694086
302987511
668946633
359086186
234083192
76323146
547781695
280782727
742557178
249867592
896779658
975944525
142231324
645261893
930672047
416015138
592095990
311454484
976804341
636375979
657196961
666130041
311483726
453145373
49271898
155380423
544011882
217913046
204234865
360534651
354924405
405552743
712227943
356467140
77580930
152454055
330647515
351276937
298599662
923910749
467943680
689345567
97341092
980474307
699212021
596317368
842783147
749603287
699181353
787718331
247252740
667742094
675414683
427111601
558725019
711148524
533678364
478405745
173728213
929058667
203136849
448946076
860191721
28735695
890040305
874616807
258733397
823313091
483823808
794687742
618639293
102687400
722584423
647565868
224346550
941727373
451395952
783698246
495673134
845272463
52635780
56652702
185479981
321703211
770136669
777857450
218822709
231084938
107611530
295725667
964251119
613596617
973002801
275580159
859125491
279877413
984529023
201474296
873016349
498100113
385379334
277662483
38050912
250814949
129851850
679262851
474486391
207823942
255863500
302434488
912673135
977635800
992253232
888022424
634230296
54646568
322811110
369142122
6266853
679066243
649842086
12488223
90975838
942039242
733356258
963915323
269080689
254631213
506470363
833613807
604316636
254452157
922436991
48747022
825174508
820141027
985539446
955155237
63328191
992353219
230341389
575224694
498712014
65677929
99326739
280779058
30215432
411956845
281842290
936585501
941247408
94473965
740279258
542507892
472374555
502025587
517174999
557954194
219511703
425653230
671823104
695485709
259746494
836756951
170323643
644406721
984068663
251362731
392473885
304465874
689838702
416772573
758101118
852002604
409208112
789714812
380328735
261602556
337091579
642420521
227786356
189472357
881600787
469633520
92077714
728605010
258959137
119329968
116584830
352919991
339913673
781924512
788809050
677579920
290865598
926950958
980998898
420713241
863251459
907699825
273706080
668444599
231479824
689194247
324015644
566894815
598191866
533956011
483508343
604558582
945628136
294230008
421493154
494703465
210229249
267750501
571123601
436098390
796641046
140664902
35994247
304246133
345232609
378862028
965430585
540308028
255586958
61316731
178951608
614805888
685080371
457677715
188850690
176680709
196336971
546314928
423465682
650079775
485430810
821544590
994987941
182878417
657491440
890673752
634826048
451370852
835155210
215669430
331836077
428459720
702313969
26934834
772026689
90164557
282226767
123151397
688716168
909290844
288946202
542428815
500480469
699314205
884954213
197269677
494434936
665919960
772370354
372994349
315039310
256608702
683716063
5558409
357363947
233526357
840710049
772649829
233095176
92933770
900984233
561814741
584544963
410078896
155507607
563146520
592520893
368430235
63422126
382430899
50384001
731879416
641028527
69762772
341028250
859332166
878685994
658870861
644723591
910966269
883289119
846335225
916638230
628269820
849432367
236373606
172156963
389912512
119213125
981197137
307723873
158226838
142303095
977745429
218121941
541808441
326435034
993723776
522052660
593288398
179300486
505835327
638215812
68967400
399352237
75144982
756611627
683009551
559041730
605469195
714432233
565395227
326493033
353779797
915486170
644372475
171731316
520018977
576751596
314849925
515290095
575873095
636630903
342588043
479604432
112009225
897217063
956637997
570052788
22526351
164708342
144545706
125298864
892028280
946328573
693162124
732032560
916349259
235351068
187621892
251726903
562635663
607835014
658130143
830494370
786062210
695888932
934437209
744820060
103561933
137225935
374869162
519594081
88098026
496483337
838455823
151473129
377507461
929699497
145594308
817490849
232508714
175921960
73388929
7904177
900664998
963135324
77794779
798079809
621795113
30209367
961435041
776077320
319841514
571848621
126654184
504052513
339288616
975510062
63237477
180896318
739306188
394401434
704410429
806442926
992407975
79758010
754069668
193066052
855366831
348551818
674384675
531326068
949058274
649680353
44633726
961822518
413947121
426968129
614535235
792742909
902390001
58575923
127533783
73931493
842194095
622860453
914646727
191568398
92890888
714170368
199169655
324556881
287774588
76552067
880451478
250804883
577342261
513501640
94742528
586933635
547753571
895081029
784869342
118145968
351636949
219420169
387971091
119783678
25506805
860588016
195397225
61289549
337018789
405914573
468507234
919625751
256437596
66704758
274932034
727432124
440558245
953911782
249307164
463825111
187368093
195613451
495198907
394872908
205811571
411172958
458726725
704220617
867256519
83616680
35570575
757260111
894344907
220471257
951039437
81465053
352989532
59282870
223457193
744579565
94398138
235740455
976488226
854175413
467745277
60346889
684487197
497900268
570911894
213804935
449148448
777432221
855762899
383477752
218715437
768303669
281444497
247194603
462445925
124345529
215795479
247330939
567553933
585558305
693973245
481531261
966916757
564540336
987444893
65084289
136559634
398688581
648035165
380144972
265347696
488896270
189281981
30637619
825606058
7081106
277447457
388742321
611496259
131017181
952534045
92520153
418858080
766351462
334633104
64510700
271016978
720236134
731850131
387457363
963341880
24451985
696987957
921679795
736253258
317716277
172916599
943228973
594648413
236912153
206184349
344348329
385145034
631709930
657320742
600529693
353358249
477298218
163023044
650719715
328460085
961803913
748894385
267626008
705703951
757364097
698494767
323970901
866639357
229329544
602072627
979658588
15265948
480949770
992740503
753580580
254339072
148284595
764355693
615118461
723599925
961285914
725883935
136509697
706273023
622304785
435713227
958164424
557538581
678426573
755066179
97153267
780325097
422984887
435076701
37838110
888493096
533478939
814497882
396270724
955280194
717156596
441544227
926917120
388982380
886361074
991312474
83950565
923831111
283316789
222317037
955396892
485168489
60935074
5147445
74427102
339546740
984581810
120047600
155377665
419471823
222556909
930779097
84908385
622465091
817838436
764653590
821490658
84387887
199954064
820613209
939139174
301182416
838551882
97980652
842990618
491300661
144697364
368631340
475874112
373260818
492445660
354500206
686318337
160290917
126031740
179338097
579681497
333634582
253752067
918396706
198132713
320516203
761171351
14802643
991246487
98671926
140652587
830832851
517743966
794621235
960921398
529381058
585334977
569263630
568819390
21373731
505853684
99877056
111249262
615985091
916450808
265589440
970340569
543354741
998668375
604756636
295687670
261683048
480397057
564812475
851839341
176129755
306823284
977398610
386202583
470867446
223884692
952193389
385240566
135920463
151335346
126945941
520980210
830109722
344546277
778410883
228105705
206390452
983794993
657740377
708420757
581523920
873717352
883148918
959377945
614769522
52614962
332440999
276240708
314256601
104190952
305638825
737709241
390408983
793053899
657115904
768462536
631812657
938186651
772577378
835625530
995383038
354301209
367364847
287084789
585226021
795042179
11571037
612589541
627517157
50159200
499359168
394694585
89383984
176791327
306902497
882828266
688363742
865165985
601270721
481848030
205654121
793487439
141698844
472047227
420380480
59214046
79596059
459938540
857717724
836125090
561159553
349346448
455934856
206828945
752789023
750062932
766959593
548188302
289466655
461418034
1992792
290415885
869307512
140965546
865983869
330554278
178427261
755312498
322576349
732146753
741094399
49549456
866412977
935280818
62702274
472993093
100606193
923520322
720990870
968168225
226921840
386565020
595030622
291251780
655799601
111363601
594748913
313585355
627562072
800143404
30152257
988504495
262408161
59991922
735424577
570060911
883915521
747935575
443668877
789075677
772419512
178057413
904483712
694464803
293384405
930563721
431320523
881826118
41719586
373903167
215661068
78642548
476549332
260154474
497998223
340628666
627343397
872911772
223095297
816271265
236625711
816890649
459326719
584147656
292555783
274212553
533621837
709497650
258087104
175870095
639656468
987906141
615695224
38933713
390380464
364713390
11411250
197760314
109270689
742861437
983585883
974472305
233090157
406306305
324107506
725302124
593577482
807143956
340099086
715697423
357146890
92126
194677166
329591108
770736657
276629944
7888812
39523002
239426407
699464613
202995733
763090410
761249175
821216148
783084408
964268909
938319639
582002219
377785356
141629428
941611214
508110027
860703639
547588280
209362147
858870564
505240002
124958591
558990264
718294866
492342231
963120845
498586849
306833206
705960798
561220126
14070667
354333532
852779180
822970137
698079089
435398244
298686552
817493662
262285827
260857716
347535486
224205962
320995916
58489940
18396732
258463211
179563512
990557349
823247774
621563858
119666323
872120137
502500958
1088793
59906375
262596366
690852107
583828652
77552817
664412224
222735276
601373440
560028164
114060247
659893043
981093754
996739080
172415389
679488678
479719368
219618786
266513480
696206253
303133864
255523868
171810591
94397888
628800539
161602882
566534714
733935879
278572482
768085983
558634608
357208330
473300752
479675794
281858454
160820670
787168857
16424953
212122109
512080808
772301886
491743531
593775955
385215895
612634553
857453941
109820480
584673100
289302227
429807264
591558822
322008201
910224419
878804447
449451075
136518251
396781939
915635031
710111336
515874895
112704103
47226579
216381564
867437172
450184135
733332073
272726652
956670781
364403476
287761247
694296208
383274145
653680666
595144308
823594453
694346562
848373055
837364706
973289081
459386089
650035696
24487332
298720662
673242810
871673885
419789170
134021903
568475404
804818777
349660932
989362746
212338743
243782622
609770178
53134679
357039920
256905933
656200015
848815349
802681632
777423914
184009313
6557005
822158179
240958138
225088025
14981087
382701898
852730936
756541649
456033756
282783245
910158953
878249981
682311190
83567891
882773113
421084031
347248784
969623768
978101882
348518339
574576444
135597597
142257405
366922172
964303945
949470385
537462640
156039228
227947224
891751451
307416766
763085382
101601687
976531078
442721063
50794391
426683586
587512945
409410781
850198737
277765563
708832164
872615265
167823400
738347920
54599787
421373040
630594543
981505292
871888401
419470564
426109021
842365085
22857799
85763377
304523882
772842981
977123948
385316110
23499062
611503499
964030234
332109014
440706708
221331312
956541198
377759807
836980793
694060010
660931680
664530552
492506032
574851404
911485205
914673771
509934585
838272762
124226884
218286149
609429899
532825098
284306433
387872814
535049248
575264506
172052653
601547738
872001081
477845855
501551710
328486263
395839597
38937683
855065903
870614481
607501594
429885766
676535185
115865528
285084075
319484466
107277691
222407318
27088286
59201631
899516325
805808754
298625449
180132840
339292636
32139020
229015507
629203034
233822892
989056057
949434475
366631258
927514176
425315396
687618734
609915288
173482962
102200256
25270781
454794370
473547923
291008932
321083773
401646164
374189720
963608591
909192704
200746297
336307093
609897580
984695774
181609452
18678871
889502385
557508931
736086147
161097548
499180101
473829122
349302105
49280009
551813189
659931146
756898102
197639670
66860140
35910927
856476072
783852892
406387208
468415402
669205636
695611319
102369590
411222472
822915426
348435521
966991257
955707343
604009621
168637931
852313459
273968158
745862973
626394901
44597865
138457788
580845118
130618708
37939739
547048548
146090946
655332499
521958834
909243122
554579575
717726157
235191972
718326919
545351866
354644131
36163584
910608861
588975082
35420161
812277570
405965569
746848070
206973485
410407271
543569555
22519523
176702299
687086449
397610347
79863504
751537280
789811275
239023159
377728633
52347792
897672973
930261418
397581571
814347839
288853124
649381120
373572815
970316328
542636755
911406454
317629478
190430779
656697273
960128546
144336320
486820531
945633382
267953401
193020654
941100006
481228310
54131728
362794102
93800409
730811712
399866170
975578603
92755913
567967276
131945006
724762278
287497132
958014993
775424332
211967261
784222533
889821439
302843020
710564166
697589887
406030657
14221880
904899017
516118073
224243797
675644652
737531351
309790484
488297282
353425891
810215163
814652540
359109697
345751210
575892969
177632312
329964058
70155895
819047064
490922129
30490570
484344409
692284036
188279751
110941433
601710067
19430909
174018986
123688328
219632948
188917188
120705470
381187752
677840309
841323007
865448818
935515909
343401912
554742365
444977658
966322566
974236459
981687341
114665427
653829326
670484494
854595899
671432667
36322812
558575267
132056854
834316658
186937740
515193541
893672800
977010131
104427170
694116483
733042953
660247966
761595355
205230532
634470399
651527954
951358901
886209307
389225408
88333874
670470040
948080211
876872796
543619241
602399081
759647554
580354232
253156075
704206291
224739010
88660985
125647379
224667912
692685260
7428396
154987181
825405856
224130424
165686562
620405018
717705770
191889601
792201166
332424612
720406941
422510120
115540946
534741169
797277800
106029552
612687820
911373827
892918596
964339745
404449008
277590840
115702488
939528795
562143104
336932253
500201791
643643903
133750999
89655208
642556323
435564319
692038969
693094902
773811096
807473273
278714779
554866218
946114497
94083266
408734537
231775893
563832483
996981340
310625380
76960508
491710740
640159995
617070895
547772780
840810591
880134106
442491977
405858433
387507357
318156734
621528956
73209695
156877358
354278217
618810836
2642999
456048485
36702943
355860244
891984464
210143653
144946784
721066415
737436650
228626223
129692632
431254283
354735111
496527987
837220052
408237915
861936355
701847930
481152828
931675780
171073010
513311720
699059990
227436532
355473197
155807491
928402418
757563177
546001560
826630487
386999719
152404563
408531829
195113646
623823255
422450425
242147960
225504666
74632960
395455273
900329425
126943594
611030977
244722106
186592350
664049333
492452818
121958064
72972811
899000157
112119673
6377514
379878996
806488052
225069582
49572807
757243056
917884545
609687595
731653929
234419955
498519208
958200673
526243701
737119110
222169190
995327249
965539694
663418708
797824119
180548780
628276447
902032957
916017094
447979225
499862106
409457635
162906242
665228622
554044726
19848061
473348080
84499500
851367829
781477702
846518580
268984815
390514782
705920342
23494002
94659526
888303362
514372831
752764165
977354548
21096730
492543880
307673067
956010930
925779202
303126488
716842807
29147210
222069065
156090932
894641250
547868868
470923418
723257380
774558901
381718509
253766147
830698327
291319437
36223427
615506591
630580499
81266580
115558451
530176833
224103806
154997076
219914376
807787528
111769721
468992603
734942330
766941494
172566530
729565495
828993003
396933479
185208631
59695639
150905901
818100740
545960567
339032078
902877596
283093574
739418186
415328017
917884171
399055937
200000272
331914912
160217651
436973733
251038524
831934194
574067142
284790133
590462174
237074822
558524716
264787337
499034803
559490828
924851838
305796519
570142334
764931099
236220982
363662002
217418195
724030014
69704595
466794865
544607299
187625337
496824428
381849144
556088637
524493142
215730133
280139623
226583779
117611795
485382859
235320282
721835175
355749144
139320353
166490745
577739335
648164840
949643399
747845761
67247041
207192306
749240612
950624711
327054250
612074072
52913821
588928014
168857099
234658258
886355122
643307260
556215650
706898440
168441177
740362382
881429407
461080894
989147636
516101119
691679014
441703011
360266474
634635684
205491805
556715527
687544587
590106148
30004336
782634052
681543115
424763070
950400998
466082037
858725594
870641119
339211297
492199095
904519638
977381066
671484695
229282646
217339500
30232104
515527288
271664223
79341661
698767937
805087744
701910044
595928864
191845535
428719553
504749216
885586214
447854690
335454293
898346175
323438076
902388157
9059917
319084402
443216397
864449727
189269974
95124290
11512603
779279128
354253624
28264190
997129499
616408529
289671727
191159142
477408046
401460488
20029737
923208059
380534726
421948219
511215234
117429871
871925124
626154540
738433714
282521161
15987797
547971052
209196677
583457130
573181126
60915998
274731119
687810968
911804866
647257273
96933514
904516491
233363753
472753728
954283637
477079404
704430362
680661204
741717577
910206534
4799600
39193143
133033342
124896653
189652590
997841910
332622082
173926392
368873424
547340393
470620872
293203869
660003026
729538701
352800525
842738313
726336950
261209545
334629191
436810722
567848806
996206116
858700182
140669839
878814656
860611257
495661328
713900220
768931780
121342277
431775702
639829387
191254586
563531607
585893498
258580992
972051761
693774705
990929845
550250421
914286986
77832919
776995133
623212405
810390574
529145569
879406840
568575807
868055245
434317503
134540472
670566144
289802473
163766975
155404556
204690152
117664474
765479224
700672883
924704872
742349547
132710263
118329857
670276604
208677088
887340477
159955997
283805741
196501178
326357311
933417243
96393636
154928107
854430003
485287328
486091253
419519942
517177789
909692893
165920261
255089087
796932514
954645457
599281047
459798980
182290725
866002607
807574124
871017462
369758249
537928933
475449654
908041730
486611023
321297550
96839921
355996224
876261507
532289115
473646036
931264536
827832944
291725921
948448247
870300537
506512101
893691619
92988695
817152560
545004665
309422038
23493801
681978989
381230253
713438110
145002024
258436463
216994176
133067359
528368851
364219205
273788416
918601146
810087841
125921566
5616344
215242441
596877679
128396490
145559467
989837620
20153086
553332090
959708530
464099205
789013845
932890591
755424125
772392949
864058334
180792361
960792908
808004460
30316969
363229012
942903164
627968519
348371515
445394349
485234384
347738300
350761702
771237999
803097184
636634368
705994834
40431688
557400184
868957642
620694770
212553721
396129424
248387365
951437927
397197841
861138140
159533844
752910029
193309990
129113405
313785671
150235776
948451356
46747856
315565253
946353642
330823192
268569762
285233677
672065488
689687699
674902995
421355168
194491416
944298843
801588106
344110756
637600395
465994618
444407496
433087712
725465149
851776538
506442349
122828751
260709410
463951488
106845466
736981599
158031383
493396123
296154323
969759007
154924747
390487936
251095969
271876063
877276751
66978566
883798010
892401683
322227859
570749875
710449398
143728343
774406208
126857008
930529531
462388176
92111703
609677785
373331463
702196355
634507766
160955784
804480461
344909883
761221885
263308970
801552965
518379608
93790830
316014598
972584323
722506899
406584821
261851928
133676320
830666338
991235092
12940034
97316117
880389078
900583352
412856724
38771599
335143770
891803457
724741105
593301636
527177804
716190997
156558737
642175302
804847048
945063405
768736919
791249251
521449504
459751290
336011183
986313402
497309922
426860338
49203828
945056824
629174771
959355717
121584262
701040305
522923128
177503958
937925250
196150724
470045835
813923219
693862875
457683316
964295891
296981856
492357223
125465322
411216104
192755712
171019141
551460129
504645963
742482885
258803855
693920592
353890546
947325120
201862807
682114919
432574960
318444187
944280454
637232234
201355806
527025653
732230905
810119678
177354615
709004406
644781418
433532244
404505234
179184482
325621737
453024823
650905917
425717835
312671690
492258387
768809563
942718327
533123026
604345053
721393445
73329509
616996917
262459344
925169155
426116724
131750778
964268287
134534701
3689698
406035305
727129809
243006007
56690205
484367878
489967434
216313840
824439995
952414004
558297961
575512179
64951156
986040767
767901200
381551455
782380243
806711621
763298020
31722037
893975800
226598446
780878444
941896159
595375031
501854149
431378926
604555394
442940755
886958671
799799190
125282378
352027095
928209571
785406735
36049977
269080675
563705289
166386479
280529533
940643018
640232679
783549002
841580895
80796690
635556641
37399510
6963085
345908
35691289
199367404
866302567
583006132
875276113
733932929
667191423
519280173
61168373
148951322
720445846
807326357
329141089
900660736
277561556
863162793
453564970
127846346
33286071
411803125
631573616
418998111
602993078
344154246
760724197
359264807
902175608
860566214
927095162
49300822
986052219
912652750
84475147
648221294
814069507
243511331
343273926
675404088
161238285
303749905
745280082
455143140
197177517
436864204
614258385
718424211
967570435
57153831
544354873
726359211
922359941
882469264
958221070
500232415
549358959
218449777
734164139
577548630
584449531
481656297
867163086
205598180
431545653
935923707
210917054
292234551
82650714
916369905
134482513
59716167
691907423
670851797
360204857
500986726
787362749
53757273
802183685
916667940
399994974
891543353
600332746
367531574
837631074
568634292
461751356
740494948
808098870
451116454
826483808
478236797
238490282
950452866
405272369
581957250
226105277
92348144
330231123
282974529
143742608
642625277
883416742
358850134
104011049
174391320
63213187
955625551
899134028
69621475
141926272
822716025
652972227
890622539
804810531
215431310
55352552
768296005
113293051
783306133
911059657
814983306
199514861
426595953
369752935
991205022
741561401
832748051
551485863
78855381
408560271
316929301
667250205
635601008
756647331
112002988
622567051
254612460
714548679
626288963
616570688
971468517
154859343
451980609
612271440
111477795
472170184
690738776
190326125
462492224
317261197
859615764
766896620
778150393
843192987
778938950
980150407
85723248
719718066
305523955
828219620
648054869
949972489
359196437
770724671
123904036
751626793
279413157
441825205
397569394
688948836
340279176
437682937
599938869
689780861
617053152
590306024
431083097
99510673
274481118
340610158
132345630
624502925
29762563
39815040
877282348
828079851
976139707
282510930
225267122
677740339
480001607
365803702
42649698
746296066
359883675
467202517
869756573
391796219
549263233
388928512
931201406
851828105
596556268
484524077
632368230
664594393
545693283
629416156
39317604
799159508
203762778
845647333
381585879
647505564
304188561
687522288
313338690
384759465
800635825
125338371
432758503
852836678
632039077
419338794
789121542
307231026
110819773
202406659
980150919
835462543
389183014
203705445
497589976
610027563
699825625
700261192
465299693
676518115
640564763
209552415
744265154
689121921
840940502
46377464
828824304
626990226
277891274
671479863
695368141
156857481
972258873
128847162
155847893
933093935
473576229
772489320
352048434
81262721
744879223
332849661
916234624
535622434
523169165
85419819
837075276
115689113
750930063
522322850
531335536
619114529
926069778
950714616
500580088
240214259
841523376
916869104
873296439
448245022
584099808
265251649
714109369
549140043
646853365
697211637
612704340
476108383
95362494
392084549
737078883
438811723
602028344
139150441
665920647
513581389
899595456
142512396
485171908
313637943
500813864
637647944
19411921
449798323
976730253
763838565
741159520
172938496
248639471
561606994
654672397
468581068
333751185
37180744
533252874
992918879
410704940
753125617
823468084
368303620
340663087
104943816
258444020
779305227
842453446
531978821
8619201
152592635
554759366
701639696
298583796
767303330
435419171
879560457
11273186
486906526
802925720
827931183
753995250
149982184
657865078
757558810
915657914
725183294
569544481
34268291
362337390
871153577
958258860
847340969
792080235
718099273
789118428
1534592
423709389
169226599
372116180
597983982
219943318
170660564
260277623
324347287
815751455
217983618
757540203
106158603
317502374
357592598
780417911
712525208
807167742
97309934
224401679
357616668
118656850
687051271
830608370
515545048
12160670
253397209
617520318
204346526
47125299
131537354
59998013
396680180
432806711
651444174
508589886
742131794
667541444
663171717
910733788
70850601
171824304
746020056
881593288
48861152
539139873
736460020
154598543
694305145
424459050
614401734
172597080
900640537
374839951
659361314
754532735
154639715
537973689
973631329
770725731
678498260
648113058
367871244
15073616
242976302
451547180
580570198
301899525
351603071
156237263
3224523
895875882
337029922
230838522
956365872
558438139
619192747
177091804
801724968
295654007
109380299
626431404
791807803
572924048
56683486
568336743
443372989
498970989
590850731
296740391
437438772
987074
323862190
774031122
108934522
444787541
537566467
706468252
106950831
325544402
542289924
818867239
443582391
281015443
370904366
225218301
950483554
973808204
22655635
768944783
859495918
157514643
616500874
657073400
790888026
458828298
856362493
791242225
386921299
88767351
438610438
897580736
228394864
240002617
35997197
391177630
440681580
633008205
962268330
187869568
446304048
172819914
600000367
946988014
822707055
435041088
693841681
240443232
718826947
530194713
441236820
363078244
129989812
37837144
169371493
753521726
196931871
602777513
219611677
46075584
138027295
445641117
568475960
692177124
768271881
651211248
458027423
732347531
267711974
933316045
33896331
824812770
251988371
919836196
766004435
722006913
205989413
499643111
140077676
468113002
191292623
981660894
131101220
98140665
809510186
632173623
265101465
615763846
901577266
524221420
194217405
449295545
888493158
826606527
870910238
972332068
300658420
556755741
70971027
633139393
691165909
787262805
16739761
6201638
354864762
975184332
549681926
126941825
41049605
308197568
758397943
855730714
330420038
766801819
257720671
330415560
700879966
820339401
474084554
154143792
986765853
550746239
943561263
816547909
267824972
332405854
605874937
348974511
728712076
534285978
490912504
217268850
35617188
915822633
976940227
761604773
343731806
875221437
254506216
970768389
397652631
355167054
584911552
866577753
321064998
896180724
725770334
38726798
607646815
88540378
657082964
276092945
891242041
470095748
231841911
242639756
588067344
760400080
210198224
680002991
898298038
74632419
992541707
502754478
386002035
411345214
957653401
378036360
205083271
460954873
989682295
824093557
927169737
884738912
315488285
965458998
72475102
26591631
872439033
293856253
947046452
174184067
913532959
10330163
923872217
131260362
746897877
633743293
116634689
555108514
748051492
185528582
543941338
935576673
360426910
805418145
304099366
438616626
101233135
626684676
273692563
657654171
795975007
83577670
945188216
132894241
613737436
333090553
946305910
376260245
819426027
447037434
868780073
842604059
459501085
694243128
638964436
620303486
807644241
963769290
777753978
206418036
970800369
968825136
322324122
988114851
319831552
712460518
885303666
198859494
56194016
107742308
510943390
698708044
90362072
365894965
79996594
360114187
136159605
686753277
864762049
662653594
184048140
108325765
416229058
615277283
377540708
201542718
321076390
682425722
848915794
371481641
556033554
54773410
370584284
445974929
15410558
144348003
889808643
162822859
261489335
556517775
274654041
139670022
822931948
523677271
680770209
192874395
385406094
186669781
972779524
747146374
43096442
215856830
562335501
170617800
114758175
53986290
22721493
201651666
119418053
527050886
467123125
503415570
451768846
88648034
22394778
800517046
534688936
731394927
367475153
216510208
774360895
274555197
167046873
143171320
188430764
707841477
326680628
515085254
116084699
125097581
839357692
925524247
689342793
765283784
280889529
870678295
139556309
381429683
844025674
543369523
507854402
102449102
722998249
684985678
979910958
241586109
805451485
751357926
770411566
963114892
50078071
844410002
420492720
629191644
47846275
596176244
256252387
576141634
979382376
80332413
694025068
697995481
879553609
112494135
497201634
965412296
912607231
556667440
427140619
875630371
552376296
776080768
300329899
765342753
691356525
892851506
825180264
550461251
274006551
172013959
889278650
490860843
638683480
370967456
737220825
124124752
76315738
157947181
465609416
161962878
302377271
804905116
972580130
575936886
400342256
932094042
415321620
501447517
982789223
643149301
376403533
733421487
950521443
722009334
274183982
898843963
876867409
958808674
353193473
765777339
249309056
838999895
208014473
822534922
731117483
36281680
36546673
871056901
771206150
655547322
901611310
866162713
943836976
633522660
981660973
867670221
317776854
740619788
709032657
552332464
207502879
875547495
940000346
59020883
8083442
31222940
933055415
779560221
748864002
825224810
439664016
593141842
597854329
762951017
91812556
529169291
684352166
302367247
367964287
324097315
188800162
428289554
252626151
600930871
906296719
859253286
577059628
14903673
483111059
59257887
287587413
277858413
351181595
389541135
467327986
673535392
568674932
701077698
90647633
541976804
225243483
64514162
163552540
653068971
675064041
877476715
745655174
136747389
853260132
672601805
836774042
796173951
723744098
963112576
267168183
189314995
421648356
120722983
309925114
374898588
970734645
910655588
777189129
903831586
427965465
202375032
457165777
181872383
152859155
908795295
140787624
774681799
637850471
51140777
766131161
159289256
112505166
456016500
274525512
1420862
633521131
567981012
697443716
498260980
390988795
705788564
548552021
520119556
278596863
534740517
811944869
514827209
857457332
860502099
202465129
372834346
120687030
706011653
901168173
192998528
712520048
480410463
857566193
473084964
861413261
247657028
743719440
515271550
956732320
895472752
949492224
439599103
318190664
251521798
754314335
71832404
682464927
51965488
22695848
778700793
234978791
124314972
134757705
431102330
413248277
376663583
982010513
93644030
639011708
182525982
736625266
186969489
64429272
235144100
909599074
183205051
841353196
26446329
724486901
706821610
623462403
799903789
590235978
96981184
940956120
231733892
778976230
299877538
745848028
194149225
792272798
568686227
882052037
421775007
482056508
142738727
846056700
76241851
776379249
762743941
812691290
709769416
985628464
901485949
897530868
857928969
609317783
994743208
887238161
820801284
424497474
984243273
879315294
1616316
531132824
371935016
508232110
112079308
754890226
97600704
104202235
110986094
272139123
952824097
695596316
287754974
92046153
528717527
471164317
298890545
309472430
452962252
970351060
808340873
342640902
892478117
126491538
99313273
106296879
842439499
994863229
841220501
515747316
8251249
180706915
281991008
425115482
771682238
729801996
361791801
787949784
3127580
428914544
658524827
584873536
413502726
237242031
249527112
270473374
524803646
539541593
315828446
2578067
138169101
351162368
549175416
110130230
481543043
651162874
379267537
358891977
762316358
428808948
716964819
845112828
853031095
789271800
936975319
733250385
479130404
862201394
584932056
338505117
696749494
740494228
596658467
166528216
58385525
799780775
57945044
982808584
880086677
242224729
966699906
220402174
545808085
89463365
584402564
629675068
219555748
378495857
968784007
154244479
910588849
413981954
852364044
288774126
510204280
884979774
804933989
900593754
287898561
411202948
602812716
63379988
660875490
917358439
782529328
299461947
528134230
470674283
654048062
913902582
775703095
862792126
164235220
549307757
875536656
178393772
414358691
686648386
3625603
692332266
844839729
795448131
47029308
575051513
66935837
269558829
689305536
75591108
297888645
335294643
190573744
631915228
458646986
843552850
240086195
70709208
322481699
795634615
141374812
88981769
399392083
271051717
102192139
425657170
146642878
551631823
300359254
800623179
482461023
671102142
896603498
173811333
535773654
963451717
42366768
944028709
566016548
603648899
613026734
968015749
210318955
874861573
274696454
157495615
904824009
155799921
18873512
531103781
305327109
936624748
935088442
707948549
360129961
803098879
311134436
35337123
592892779
390246705
617737952
221396309
336240614
787640884
767908667
566256045
216530701
996556226
47185146
517703106
446082543
334218094
763982243
324386907
984768891
75409249
218886572
100852079
839433848
70193930
212719930
22183575
705452206
215791057
898126556
76144249
244226434
665123254
325778163
112566468
516979613
304915635
952306334
733845783
45733162
141802069
246487094
205037357
785338957
288395195
2711118
925391277
721981520
819041455
248055777
233060853
419412473
204632195
676270224
14043102
214091198
242154760
309319826
671867086
585404330
530606743
342061625
180700281
226537889
23572330
690901032
568337653
563221454
26444406
60324332
877605253
267830025
659396551
966734579
684037185
899923757
128756505
699009367
860960978
205739512
86479744
395870974
744535934
819414552
829683746
301122137
794916115
199573340
459133525
242957303
885848393
543794447
799728145
459212519
431558632
888932568
334070761
64754393
836410601
760264627
318013407
380307428
891141408
358274581
455551736
617797377
39239165
948871595
805568967
194506185
751808418
731978140
567793740
67184708
221811664
501950252
476229986
194135154
246799636
167834974
746462784
811192616
823527186
349561689
939799107
876957561
133901615
686469623
541412835
86332742
522855716
166713885
603092293
482777981
498161847
542864349
430905492
504057867
53375785
276320132
484614012
289883062
757662558
76726683
280919942
977080993
462245590
403297703
971249753
584387282
755158232
754495766
936247856
729592689
736192449
267550735
873667317
721942583
736490524
74054231
483715143
83238027
448303198
419948083
919573700
497839357
427127255
350162298
169498108
491041006
294698341
806923848
180897068
335109031
796370799
558877765
990634422
369296476
421349534
263809692
117923154
104419107
320878165
340235169
293250898
520953919
865585391
402907410
278483354
226771678
179810235
292939961
169660708
148913343
139862440
224063524
466008652
220255394
218015630
123448969
236215037
335421722
244252589
226193709
810853645
702685310
331148849
395633572
234268066
132910444
718136359
184490261
345486479
684561973
557875616
274496440
702318020
442367051
244801591
34964366
617715834
935646474
665563278
933392259
744845788
279363681
331248410
347019679
715414776
141904098
343782034
851768519
890658756
311963725
817269292
591713945
402931219
550682849
92349451
950194407
828451185
858733816
509176955
208880815
970472407
632004393
799914245
621325077
281720589
932045226
608721079
508665788
741519015
294932663
584615846
41771246
985391282
857470495
325539640
127469032
470829092
931231011
832063016
632470662
175641044
984957380
130913028
952914360
90117175
487302942
794849084
455741649
701779791
288434641
901739483
772104630
575376626
467082537
975587722
100890422
715165043
416906719
571818522
240697274
673395892
322635195
782410889
837543806
421232719
538012227
951581484
506839799
890699719
996566795
910202575
352687043
532367028
397654219
198512460
474807090
954811350
503944706
92282091
599858427
964537805
412514926
542381640
747783655
837981715
857034992
601290142
75657042
430760098
932250739
562271690
136008584
45351886
34421537
884642122
477100985
929272488
61569903
880847381
494247764
883583649
716890870
35948671
644064423
445331474
526765005
953605984
3187484
118198212
888891606
135877824
643065298
698626191
751211832
781708841
123181645
141314316
182009706
514472514
361569166
403909030
686274136
989716299
676047874
118623610
413063864
116892768
634040817
978200803
841560304
805101575
226940660
134564513
356072225
688330682
817099323
579484710
412366502
432950343
648814222
667836508
589044381
238452707
57678536
903295467
515352923
830392042
167115409
184517297
573440362
502018362
277512200
160144296
102237240
395319378
448655615
935050358
784421675
751645772
634859953
234113864
191701827
990301928
493792880
992121532
860618140
483579507
737811950
535764226
361434023
289695377
663756637
115522854
42245297
61305947
789836269
378663866
333561299
207142025
800884135
475284791
294899370
363468991
650810481
404251260
59890407
168172180
716778552
401401897
99278657
823134116
561178454
380166665
132514879
623621325
864759464
503201497
496135318
285951846
209914063
489984062
93305387
1752257
183888387
17283658
744548593
53073874
122289972
611140278
238599012
423548075
828410002
442569162
48913189
315628158
641160357
468311145
1925336
882912149
801814895
977136679
203917531
746796421
51961722
532556883
609757464
339492475
625148989
727178911
985039893
439729945
595246016
484940134
341906423
381920190
803828574
928560586
970191637
841654971
464615533
595088561
690150427
899439455
938014808
260172462
606139899
550776230
309461244
56898532
612599119
757435604
374041759
824889960
659060956
132354121
473164865
278439317
630627864
162453456
615942463
926562379
142766256
564980398
248008648
810785279
917470906
406527663
329624251
242485443
646571301
590520573
500475805
731534034
381101136
551050156
436463426
180998329
502187548
565803068
473247559
54817734
95029412
137275591
965361112
863246867
210766907
451747011
617506167
398827646
352786418
768572033
274820428
529708951
373741094
292923853
714456212
643174893
328032379
298160377
653776404
996102935
937207403
450186740
36589926
87701983
728791795
241414439
97410906
9575081
137062042
338910912
430167563
795791048
29435533
581908782
969318596
149251991
278585675
462503212
562768971
264848266
219930520
859152529
914731675
802689732
793456907
22975800
483531313
731114508
957057964
541663438
880650868
818490961
448231521
134653817
28131857
889259329
677723834
163673858
780178922
706130000
664189991
212262120
876099173
335109432
720942089
163114426
511860039
467303041
888684379
269867324
776771106
314232345
582311680
387102825
636952271
268305447
393123095
677965019
921358763
487723868
359942763
32229479
411326511
984850421
974256974
282333066
413919334
761792962
175044029
108594980
447432825
156841556
349582808
908851000
606997383
925914105
730485501
274596450
258591606
857001171
538361707
831886358
354116655
381180056
13174197
518246414
993758219
324518000
210193178
926831260
956982931
698875602
840608066
256137022
677934478
52893995
404383819
99530794
136641306
413500859
867547815
500096522
558065097
57562260
328554757
225691225
459271931
651729397
504549495
761769220
959624066
528982297
986327055
712571562
720878080
337584044
845137606
345787214
367136512
756945674
551132788
909069805
877528381
596615415
949474993
917904805
829564330
261486548
588993846
825300196
558458319
201859762
945038843
84612471
926218311
323184620
905766977
621121741
65334854
248804647
628507528
395813227
473024356
409050019
256383372
3905658
977175166
935170367
186095870
942715986
366198950
744348696
284320074
30051376
333806297
668073775
932689151
530549943
905874929
797192751
331006203
543553636
565613579
277985951
984960938
816977001
882686668
234194496
29038196
677587751
278932902
409297278
345305922
706537253
348276408
509640100
711858264
71714059
800539203
425490004
116573420
662069619
95431318
290935016
740959483
719921850
581694095
317575634
658442820
744250107
210210336
172766365
480312827
497854471
459387367
261968471
874034974
252831825
790745647
167821934
744847373
631377782
409898501
480144004
98413714
433388422
786583669
651087567
594457586
320391065
374680272
907986382
853276802
874848787
941953134
925966316
726720127
392255453
65121068
959919341
436212123
63430395
589319788
268508931
631393684
565577076
882033259
469522431
183329443
422367538
489551951
195122106
290174869
776288965
721531383
369286812
268684076
106069045
581546497
41085989
202174010
458056384
646850963
282086215
976785180
749157210
731241896
192901556
373789029
44636224
704830063
393970009
610825258
979585472
218530847
40724874
179550594
354667685
147659642
886327551
865683406
110894577
724906228
960512991
830886921
131634124
649384220
308695945
930520308
312450189
335131297
857788539
239055422
731910466
999975653
318855227
767956430
130847548
669739760
459336394
256344799
234615452
672318335
139095552
209310456
988981816
869655077
529774655
631777629
72920093
666102482
23946102
504033929
276197404
193218267
693028814
24774302
795745549
324285185
192825857
390322996
690031645
715197435
275199670
709249666
49258351
217366273
677248909
275520088
989618592
135105152
241504883
648266162
379379257
318041413
791530894
344082563
86564807
513341277
405734616
349169804
409304644
305495102
662732487
422446090
355651346
915617792
383987793
729867158
777660982
738168719
461803780
519336020
723583975
689037910
108922680
155003609
850934634
323985621
2812964
211896989
144465416
185000712
729922294
363481959
372665650
569444954
140293186
255588129
805034782
389439331
803909057
94682907
14681672
308373619
133534844
810617016
665308121
158493961
494409192
456951030
651587796
159932843
69571200
538043536
877314384
797396536
547011299
533163786
752588215
532360496
327533390
780296527
941258667
36896626
231291805
803163655
375556771
142075069
340192417
319010469
298519584
294186469
963710744
689382161
373250876
910547568
16262179
981715323
5243422
670637961
947453098
722906000
995623529
730172521
138378592
985115415
477322041
438531681
942616404
824453681
558542311
36052771
27010033
226952813
609279222
578101414
266602709
10028604
311463353
498894620
717879877
589529406
218732276
819675314
792037174
881222528
958726565
842299709
145455059
716389724
812943626
67888963
143730221
378528241
119562339
509005235
948592957
952064599
434509249
386132313
249570001
367494419
74460403
436513831
81176367
451204133
417101498
45652852
919661322
809847764
485840630
513105748
103026688
208511533
367967842
773123152
90177602
350169119
886532192
354964869
621127124
481656736
449287719
122188302
310183265
293800982
827531108
739310833
609656718
664059913
204954715
677565886
514248512
453418852
627874711
685107374
154985546
802429291
376983640
213011879
673085380
104833879
895905117
285138518
584196564
151306768
546569411
367737505
380573472
31200111
771830115
724033383
66265660
681073451
255752433
693844456
989601822
743536260
939055676
3836016
280744779
73328347
597103482
923717449
347067996
679539115
715352345
271881672
482568927
258978738
595211783
662139239
64583736
709636174
419845394
180221565
576961940
984578058
967089181
456124907
954032777
71777465
206161566
495330399
332214728
860129647
549285868
275780821
577792826
674934157
218409622
447857917
305861487
702872702
365911493
366976183
682917847
335128148
155735630
838073060
894571408
89502446
426778200
158387901
476061520
622080462
932282109
467546348
261351353
862889395
521611529
295535104
896044523
314131946
987226746
259790362
166206757
445663295
722422005
321420919
655472736
402798286
635860201
864782846
548678589
552080128
371172263
688551192
557496568
958369714
282006373
397599558
141101445
656430746
949882957
470734823
953064171
530500451
993580441
858507893
422348030
790215013
721985481
267158738
716190802
919674086
986000674
134184167
238107068
410079053
334493447
348661262
354022643
739144098
960072612
394995371
308324036
616450148
495402422
409019296
161414995
42055290
723474696
105737212
455654521
679071946
989853648
535088175
458664561
480649380
912419026
857581557
308087540
123552402
80841322
833557976
333372229
747364665
99941565
167116725
27645820
193559860
800657450
817316351
410700871
741950806
318553793
569670671
458857010
868232835
924105946
683959942
552483850
961137704
159886399
581643624
300349671
404302883
972617066
717179281
654037740
937387346
624059252
233931414
338472162
427603528
869181473
888375785
555214527
793037393
714188836
355631077
330932797
13338182
262293877
166495757
721552136
863811069
576677293
717968327
817399430
997058688
174213804
841131340
543618755
53963389
407450933
994075934
957577290
706399684
21391203
948060285
290308533
996784235
583539972
116087179
487266725
675092508
284674548
600097253
929890521
641257568
343142744
362333679
864862849
28968065
319367715
46421178
641832594
537548036
64369840
786866548
418680436
641962881
173158217
274241402
180022368
650953772
207720088
743997279
619950181
68456244
787100429
287949205
225928054
621171762
165559454
943616205
819789448
533467001
735164234
63453931
370661470
471864465
296967642
681676329
554346728
320744215
872766011
782146605
829591645
15934205
205420929
858226172
191270492
886172863
352155545
840845349
890933837
143531619
167534433
795765068
961061136
50183626
924842735
107112411
161117558
498889467
664068920
818879066
152159504
736985344
647382792
412030474
863161782
514022565
587643366
722096259
652148862
227122444
918956902
531876789
411769171
124277385
388477647
93819839
464350431
840029036
286602739
928554348
929769804
639053959
220558689
778280142
762305966
481837442
160852337
477966023
11003206
467602333
87971713
920819761
223648844
916585771
517405713
788057713
506977954
474424028
944466196
365593406
255006233
598289358
129523584
263474167
850697579
52323631
570602801
604488066
986201208
867135116
853431598
472548611
679796715
664141195
901446248
951348738
100884796
88473530
397062216
919247672
82639123
107029336
936143762
464636546
756729934
62004721
499301381
126830400
18623875
360551609
692509579
139255570
50539306
307240833
585335541
271219556
298403537
28741194
155150055
390633441
587782511
289567408
457327613
833747701
149618317
925281765
348675402
431039535
90466024
307102163
304420088
240465470
346494569
87265626
765504749
911606450
816615389
337864018
683172996
718370786
528074396
826084125
780213689
58940639
91984903
499294905
285940520
927190226
95418321
119928663
665905463
478130526
931891017
198032332
191957486
765026743
660751219
82026597
244603584
139370135
291680732
635146141
782903910
512799407
871153109
214112282
9612891
254679063
422019959
743683929
883269676
588495321
371692027
584285797
936294820
580923853
391667055
198222217
280228328
790918218
11300704
448233512
413810392
727664805
773945534
895129586
210430710
781398382
857391641
822509761
590460564
89367417
349000215
850935543
898677663
488216414
290138390
71860358
461687777
891698643
225505798
712193862
652314982
530612780
517268679
383902839
645593151
212149369
303963833
872104677
642460456
508959039
140208050
747644866
617007041
610170948
993974370
106235506
609822586
533596204
8732979
164311396
469907267
992491692
193818470
471899399
488320461
939681371
515959825
704510909
994574683
11440308
154494523
658804013
401057945
828610001
747141247
217159969
125739424
541058258
223866978
419056411
973690861
427950108
49853623
481366242
668511781
614359370
943231249
208578903
472814456
1326977
693657713
25462111
258484516
380674167
970111339
459090583
627902812
632889090
166041339
473966916
41151887
182431433
863050255
411135487
212452282
655003317
105817216
17931286
19481955
306308970
703225380
404144695
742452497
890931516
235801927
990424271
206099445
348102857
462189157
682700700
835092348
657390636
596286531
920821627
878791110
99813617
346911954
342733011
866842074
790132432
832528399
432002165
450647533
834422155
43790346
618859541
362733833
347805680
789611872
215364818
7443655
701346513
603662332
463339396
227526052
185621136
906032530
632777635
434706693
690129170
424377428
553779938
675161876
324449446
178591411
762785404
725719050
819090274
359941699
473457556
627565089
859663673
582784842
358817269
362531958
364855255
714975674
337285768
444616353
593496203
566605620
824350582
355062902
784661153
34294392
597888617
550454114
933329007
441961777
819103965
195403447
877029767
566710973
736219273
578052346
694809636
832789723
755026188
474030616
250859604
821689711
708810056
299353205
996081292
154091933
826461419
672922316
492408847
735416878
481725904
580460769
420972615
827356289
469319377
433782474
846592954
811138331
740536449
310378374
10356645
228106397
193653626
208477849
566166414
213702086
179119708
728738810
923498251
626308653
54129192
9744356
768358971
163701685
974726854
500676777
498509444
706351214
269277526
227441607
366814896
265032
700863222
46193778
657991281
584639732
727079014
374061103
313499161
72573384
217506377
654981280
862011974
388731822
752580065
318723748
651388114
712452698
269518758
818327773
402312249
766744163
713748952
292749824
543995646
723749623
955053683
557146999
51953325
10196151
385634737
347776023
113815941
728972159
615611881
162894060
955856579
490149953
38571514
646350640
299315318
789988218
531554529
205524953
333120074
584160856
225102319
733927460
139586258
602664447
769785293
985467725
713921666
314533726
56485454
761559699
559498016
617533862
795587155
284359912
423614246
56177818
48981913
20976498
587743124
256452243
805958681
109249939
724332333
959027280
766254281
832482913
798254583
392822171
33057136
426833884
912555221
645620486
518267905
440592366
24947554
970441865
738247616
209072363
946712186
623322602
684672399
135444409
785192365
855031176
288922764
477327849
680683588
224948092
884661160
667508110
392622388
142008915
491512199
66836162
267874590
985718758
449471863
901181141
614805347
806541910
927101466
347505763
927727477
95487272
688488511
382134193
242564851
256474298
31041992
204546338
96604491
591487649
22026436
978831706
242426362
512073428
243559548
827059117
856147093
315361888
169105078
93872307
289255895
215998419
609607291
68505988
967865122
498296971
638691706
545707676
563998306
21226045
340445222
924691764
722992001
913913342
792428782
84690223
40898532
565315194
950776368
347970558
984464361
462975084
814226296
583779053
236363166
173251548
717046292
27533523
737143561
234702320
999707295
743574039
291318031
237691990
550793772
83220747
117302943
108866433
376545765
746167305
107144397
407396596
416158263
490448212
285922084
689797468
387474949
246224968
302242481
237330273
768311530
358101367
41952009
968894924
186870400
217464755
67451310
934104521
862205992
690069628
758811985
199592241
28961053
427297609
448137720
104603696
609949585
235897303
239742186
502958058
715948982
838706332
842959921
408556184
27689173
272121053
402668002
959771535
636874461
489633417
796787902
966402908
852021702
863997203
395117157
539523496
174094203
26115449
445181671
51434569
911099755
643455923
830645017
852152791
73114859
973355206
505527087
953837363
642541234
472027157
986824658
266523161
390720594
378616206
947754370
765577515
81024601
450393664
382164363
707882645
190107067
429618137
132648703
163164897
6072604
71471825
418356941
201082179
982000735
856136358
278130417
696974459
439596632
538874869
135981206
670947055
885358942
57896697
540421630
988130853
630108763
811739272
311584541
623094118
135318718
352860933
235836068
246755010
925424169
300390889
522013576
412060249
166893174
351678705
409098412
121849927
198379878
470869428
579545231
198955391
795833999
359280455
805424349
109922149
542563224
964407164
943121194
373131832
114905620
365841446
397804215
552396580
807540693
868360664
885186757
158635528
152673808
904224766
222345470
523262209
951774471
531146809
568512868
182580375
279507001
207134112
487390580
331338524
190129562
403838205
974642680
691913253
148588307
943029828
114582638
240083183
120434594
401297846
340207375
5402135
300204147
842678458
374819281
248200603
991733123
738474927
153957242
292979691
187794511
526067519
306816141
114418961
877277951
297139827
557726973
463312350
737708717
531606147
161263301
209160195
327183378
456242102
229583299
659180742
581014855
842525525
40555579
212005768
390130941
373439219
853424011
559154682
197650108
916652390
643200131
353534604
616034037
270104240
449989970
364405553
420039359
139539132
914232299
515174777
821415128
884807000
135175109
893640510
184723997
911686515
493738097
439895294
876285309
442257899
559148307
347288227
409233399
651018335
376133234
388071210
780856533
886561297
388978180
838427174
299323291
732531702
45404993
195928586
337014618
866041643
566048518
815196116
597516052
418141485
723618543
644797051
180499291
294191744
312891438
642298627
310448508
418360009
994796025
746051688
47883745
276721469
163964162
730400569
302077630
51016271
535244967
950941683
259024805
442835448
975423022
432350706
312300045
723923784
425457867
805370884
941226483
598157839
903287330
231321615
900176150
624516613
101409617
388146590
248911377
265522143
510368133
348241363
144549148
261447822
27762005
290601591
615283172
263405725
787734713
209037815
935797135
355429336
445179892
610903087
964678108
430130666
314327804
919013896
746139699
651147888
47055659
394209695
37627828
912613179
404716437
464161559
324426096
387066234
483075320
182889385
294593386
606762672
892500263
379767889
217013613
941391236
156480792
894051633
665622059
585185052
374392490
726180700
610333502
259319351
932554657
137998745
900977979
339103356
804670898
33415286
155263797
818607720
971030080
800618463
487688508
987094942
775125751
342931896
104087062
966321355
626825916
431933726
70594268
737270659
641747871
231024692
752045600
483639435
750740313
800122453
840058698
285999549
328913763
589144196
750168474
16760117
114379388
334998712
207298978
858788605
426335438
878681937
669286808
621902407
616347849
61910834
716789031
43618605
564556385
359054516
266281834
714066980
944185461
270875089
316770682
662117844
327665681
294937035
235368279
832785096
447260030
471421560
780302808
610845108
371937039
579824387
772550046
483952703
442366992
166525054
766426533
568255399
571230293
134499895
127394356
881024779
89357772
227110506
449214057
155490160
427330923
643602926
739203954
285504388
627656769
416865331
95306895
965445125
921381398
765817065
429327763
709719087
19437943
433771459
182387303
604604236
549574389
791190859
117539823
850450808
158827522
977372362
613817511
336365417
952172556
129616531
764988456
349456289
748566495
599213112
57233507
542139940
296989700
327487333
978882879
155095677
348662799
576601471
99427608
133565954
350757343
758890760
556650130
847004854
411679932
746475601
683327218
948717604
871961858
622584401
143638146
37949378
740468836
491292735
465513935
710647526
810239294
256132297
461162147
956893450
614776013
810739783
849775699
957051890
791785345
229897881
148143702
559580239
161208371
318523981
794206756
786169515
575269000
577540893
746234037
278650861
464570526
913926144
587807203
915313095
715304890
708669931
61335570
391104904
845795081
476777157
545013452
634203888
24954625
83167985
337544436
211407137
988009809
50146176
589959656
406575787
251293155
772586538
791382050
519798276
896740106
133766931
571808743
402441753
160432742
362463073
465998732
726095455
382679387
32182775
782510741
25043363
118133909
378057091
758362718
827379262
854390522
737063045
336168429
726757297
235534100
404732401
542280414
632318525
192401303
486655444
134586894
928415963
23978644
58646162
869461228
7520493
565615907
927778336
880619784
835779949
48013606
974333503
419968820
8432105
748668353
512082197
549176846
247876324
498645542
303960526
497781098
178250539
541686090
45032965
277586547
102171542
385730214
712246071
154252650
454240593
714726021
159805163
214560385
484969139
196252151
605317720
335995033
35981556
920805423
501977126
424488497
790246786
419258716
990040008
828955548
106448307
584193913
794281306
620266383
155404017
845240242
494322736
321923260
419226015
43102732
906818899
82171612
189817881
864092482
43325633
44762371
843842274
283759120
418952317
585799196
618543861
22089844
947468812
211026032
790036393
812962290
497161875
569330168
452873547
239134153
111743208
584263026
47685004
238470774
50287391
17448393
935408315
926579529
456388087
732098039
324744934
453665123
